time	V(N007,N012)	V(Vcc_led,Vi_led6)	I(D15)
0.000000000000000e+00	4.577637e-05	0.000000e+00	-1.101816e-15
1.020500000000002e-06	4.577637e-05	0.000000e+00	-5.385127e-15
2.044500000000005e-06	4.577637e-05	0.000000e+00	8.384821e-15
3.068500000000007e-06	4.577637e-05	0.000000e+00	1.607825e-14
4.092500000000010e-06	4.577637e-05	0.000000e+00	3.894920e-15
5.010000000000000e-06	4.577637e-05	0.000000e+00	-9.103829e-15
5.010027668154847e-06	4.196167e-05	0.000000e+00	-3.804731e-06
5.010083004464542e-06	3.814697e-05	0.000000e+00	-1.469776e-05
5.010176668511146e-06	3.051758e-05	0.000000e+00	-4.302261e-05
5.010278429743578e-06	1.525879e-05	0.000000e+00	-8.747791e-05
5.010402236288777e-06	-1.525879e-05	0.000000e+00	-1.605320e-04
5.010581196464127e-06	-6.484985e-05	-3.814697e-06	-2.951303e-04
5.010848462281466e-06	-1.678467e-04	-7.629395e-06	-5.383514e-04
5.011220411201848e-06	-3.471375e-04	-2.288818e-05	-9.206331e-04
5.011804985531047e-06	-6.942749e-04	-5.340576e-05	-1.536339e-03
5.012423513350140e-06	-1.110077e-03	-9.536743e-05	-2.110272e-03
5.013423513350140e-06	-1.831055e-03	-1.831055e-04	-2.790913e-03
5.014423513350140e-06	-2.552032e-03	-2.784729e-04	-3.189055e-03
5.015200000000000e-06	-3.093719e-03	-3.509521e-04	-3.314141e-03
5.015620702194747e-06	7.538490e-01	9.296417e-03	2.271358e+00
5.015806286790474e-06	2.116096e+00	3.725433e-02	6.237585e+00
5.015956449156112e-06	3.604252e+00	8.869171e-02	1.033828e+01
5.016051201113931e-06	4.306524e+00	1.346588e-01	1.207632e+01
5.016200000000000e-06	5.199053e+00	2.169838e-01	1.412621e+01
5.016214879888607e-06	5.251755e+00	2.260132e-01	1.421861e+01
5.016244639665821e-06	5.353603e+00	2.441750e-01	1.439577e+01
5.016304159220248e-06	5.535931e+00	2.808685e-01	1.469406e+01
5.016423198329103e-06	5.838259e+00	3.548470e-01	1.512021e+01
5.016495898143061e-06	5.974394e+00	4.000854e-01	1.524325e+01
5.016542857512767e-06	6.029461e+00	4.291916e-01	1.522695e+01
5.016553438430532e-06	6.033707e+00	4.356766e-01	1.519887e+01
5.016567546320885e-06	6.036699e+00	4.442635e-01	1.515389e+01
5.016595762101592e-06	6.040140e+00	4.612389e-01	1.505830e+01
5.016650192682469e-06	6.043777e+00	4.933357e-01	1.487217e+01
5.016736123318159e-06	6.049036e+00	5.421867e-01	1.459656e+01
5.016907984589538e-06	6.062887e+00	6.349182e-01	1.410434e+01
5.017090847133573e-06	6.080740e+00	7.273216e-01	1.364392e+01
5.017292099412298e-06	6.103136e+00	8.220215e-01	1.319903e+01
5.017443566121259e-06	6.125307e+00	8.886871e-01	1.291190e+01
5.017595331056067e-06	6.155525e+00	9.516716e-01	1.267306e+01
5.017724064308581e-06	6.184847e+00	1.002518e+00	1.249690e+01
5.017861393309648e-06	6.215902e+00	1.053921e+00	1.232350e+01
5.018084848371118e-06	6.263264e+00	1.132534e+00	1.205740e+01
5.018342073085946e-06	6.307150e+00	1.216061e+00	1.175787e+01
5.018676150365318e-06	6.336245e+00	1.313755e+00	1.137366e+01
5.019058199470448e-06	6.337694e+00	1.413544e+00	1.099321e+01
5.019344583976284e-06	6.328032e+00	1.480419e+00	1.081464e+01
5.019701804907519e-06	6.314306e+00	1.556061e+00	1.071404e+01
5.020099542847941e-06	6.299652e+00	1.632557e+00	1.065616e+01
5.020813758354230e-06	6.275341e+00	1.754227e+00	1.058002e+01
5.021691283617085e-06	6.249184e+00	1.882542e+00	1.049920e+01
5.022691283617085e-06	6.224056e+00	2.003841e+00	1.042155e+01
5.023691283617084e-06	6.203339e+00	2.102760e+00	1.035756e+01
5.024691283617085e-06	6.186434e+00	2.182774e+00	1.030535e+01
5.025691283617085e-06	6.172668e+00	2.247478e+00	1.026285e+01
5.026691283617085e-06	6.161470e+00	2.299793e+00	1.022827e+01
5.027691283617085e-06	6.152369e+00	2.342087e+00	1.020017e+01
5.028691283617084e-06	6.144974e+00	2.376270e+00	1.017734e+01
5.029691283617085e-06	6.138973e+00	2.403893e+00	1.015882e+01
5.030691283617084e-06	6.134106e+00	2.426216e+00	1.014380e+01
5.031691283617085e-06	6.130159e+00	2.444248e+00	1.013162e+01
5.032691283617085e-06	6.126963e+00	2.458817e+00	1.012175e+01
5.033691283617085e-06	6.124376e+00	2.470589e+00	1.011377e+01
5.034691283617085e-06	6.122284e+00	2.480095e+00	1.010731e+01
5.035691283617084e-06	6.120594e+00	2.487778e+00	1.010209e+01
5.036691283617085e-06	6.119230e+00	2.493980e+00	1.009788e+01
5.037691283617085e-06	6.118130e+00	2.498989e+00	1.009449e+01
5.038691283617085e-06	6.117247e+00	2.503036e+00	1.009176e+01
5.039691283617085e-06	6.116539e+00	2.506310e+00	1.008957e+01
5.040691283617084e-06	6.115967e+00	2.508953e+00	1.008781e+01
5.041691283617085e-06	6.115511e+00	2.511093e+00	1.008641e+01
5.042691283617085e-06	6.115149e+00	2.512817e+00	1.008528e+01
5.043691283617085e-06	6.114859e+00	2.514217e+00	1.008439e+01
5.044691283617085e-06	6.114630e+00	2.515350e+00	1.008368e+01
5.045691283617085e-06	6.114449e+00	2.516266e+00	1.008313e+01
5.046691283617085e-06	6.114305e+00	2.517010e+00	1.008269e+01
5.047691283617084e-06	6.114195e+00	2.517612e+00	1.008235e+01
5.048691283617085e-06	6.114111e+00	2.518105e+00	1.008208e+01
5.049691283617085e-06	6.114046e+00	2.518501e+00	1.008188e+01
5.050691283617085e-06	6.113995e+00	2.518826e+00	1.008173e+01
5.051691283617085e-06	6.113958e+00	2.519093e+00	1.008162e+01
5.052691283617084e-06	6.113932e+00	2.519310e+00	1.008153e+01
5.053691283617085e-06	6.113913e+00	2.519485e+00	1.008147e+01
5.054691283617085e-06	6.113901e+00	2.519630e+00	1.008144e+01
5.055691283617085e-06	6.113892e+00	2.519753e+00	1.008141e+01
5.056691283617085e-06	6.113888e+00	2.519852e+00	1.008140e+01
5.057691283617084e-06	6.113888e+00	2.519936e+00	1.008139e+01
5.058691283617085e-06	6.113888e+00	2.520004e+00	1.008140e+01
5.059691283617085e-06	6.113890e+00	2.520061e+00	1.008140e+01
5.060691283617085e-06	6.113894e+00	2.520111e+00	1.008142e+01
5.061691283617085e-06	6.113899e+00	2.520149e+00	1.008143e+01
5.062691283617085e-06	6.113903e+00	2.520187e+00	1.008144e+01
5.063691283617085e-06	6.113907e+00	2.520218e+00	1.008146e+01
5.064691283617084e-06	6.113913e+00	2.520241e+00	1.008148e+01
5.065691283617085e-06	6.113918e+00	2.520264e+00	1.008150e+01
5.066691283617085e-06	6.113924e+00	2.520283e+00	1.008151e+01
5.067691283617085e-06	6.113930e+00	2.520298e+00	1.008153e+01
5.068691283617085e-06	6.113935e+00	2.520313e+00	1.008154e+01
5.069691283617084e-06	6.113941e+00	2.520325e+00	1.008156e+01
5.070691283617085e-06	6.113945e+00	2.520336e+00	1.008157e+01
5.071691283617085e-06	6.113949e+00	2.520348e+00	1.008159e+01
5.072691283617085e-06	6.113953e+00	2.520355e+00	1.008160e+01
5.073691283617085e-06	6.113958e+00	2.520363e+00	1.008161e+01
5.074691283617085e-06	6.113960e+00	2.520370e+00	1.008162e+01
5.075691283617085e-06	6.113964e+00	2.520374e+00	1.008164e+01
5.076691283617085e-06	6.113968e+00	2.520382e+00	1.008165e+01
5.077691283617085e-06	6.113972e+00	2.520386e+00	1.008166e+01
5.078691283617085e-06	6.113976e+00	2.520393e+00	1.008166e+01
5.079691283617085e-06	6.113976e+00	2.520397e+00	1.008167e+01
5.080691283617085e-06	6.113979e+00	2.520401e+00	1.008168e+01
5.081691283617084e-06	6.113981e+00	2.520405e+00	1.008169e+01
5.082691283617085e-06	6.113983e+00	2.520405e+00	1.008169e+01
5.083691283617085e-06	6.113985e+00	2.520409e+00	1.008170e+01
5.084691283617085e-06	6.113985e+00	2.520412e+00	1.008170e+01
5.085691283617085e-06	6.113989e+00	2.520416e+00	1.008171e+01
5.086691283617084e-06	6.113989e+00	2.520416e+00	1.008171e+01
5.087691283617085e-06	6.113991e+00	2.520420e+00	1.008172e+01
5.088691283617085e-06	6.113991e+00	2.520420e+00	1.008172e+01
5.089691283617085e-06	6.113993e+00	2.520424e+00	1.008173e+01
5.090691283617085e-06	6.113995e+00	2.520424e+00	1.008173e+01
5.091691283617085e-06	6.113995e+00	2.520424e+00	1.008173e+01
5.092691283617085e-06	6.113995e+00	2.520428e+00	1.008173e+01
5.093691283617085e-06	6.113997e+00	2.520428e+00	1.008174e+01
5.094691283617085e-06	6.113998e+00	2.520428e+00	1.008174e+01
5.095691283617085e-06	6.113998e+00	2.520432e+00	1.008174e+01
5.096691283617085e-06	6.114000e+00	2.520432e+00	1.008174e+01
5.097691283617085e-06	6.114000e+00	2.520432e+00	1.008175e+01
5.098691283617084e-06	6.114000e+00	2.520432e+00	1.008175e+01
5.099691283617085e-06	6.114000e+00	2.520435e+00	1.008175e+01
5.100691283617085e-06	6.114002e+00	2.520435e+00	1.008175e+01
5.101691283617085e-06	6.114000e+00	2.520435e+00	1.008175e+01
5.102691283617085e-06	6.114002e+00	2.520435e+00	1.008175e+01
5.103691283617085e-06	6.114002e+00	2.520435e+00	1.008175e+01
5.104691283617085e-06	6.114002e+00	2.520435e+00	1.008175e+01
5.105691283617085e-06	6.114004e+00	2.520435e+00	1.008176e+01
5.106691283617085e-06	6.114002e+00	2.520435e+00	1.008176e+01
5.107691283617085e-06	6.114004e+00	2.520439e+00	1.008176e+01
5.108691283617085e-06	6.114004e+00	2.520439e+00	1.008176e+01
5.109691283617085e-06	6.114004e+00	2.520439e+00	1.008176e+01
5.110691283617085e-06	6.114006e+00	2.520439e+00	1.008176e+01
5.111691283617085e-06	6.114006e+00	2.520439e+00	1.008176e+01
5.112691283617085e-06	6.114004e+00	2.520439e+00	1.008176e+01
5.113691283617085e-06	6.114006e+00	2.520439e+00	1.008176e+01
5.114691283617085e-06	6.114004e+00	2.520439e+00	1.008176e+01
5.115691283617084e-06	6.114004e+00	2.520439e+00	1.008176e+01
5.116691283617085e-06	6.114006e+00	2.520439e+00	1.008176e+01
5.117691283617085e-06	6.114006e+00	2.520439e+00	1.008176e+01
5.118691283617085e-06	6.114006e+00	2.520439e+00	1.008176e+01
5.119691283617085e-06	6.114006e+00	2.520439e+00	1.008176e+01
5.120691283617085e-06	6.114008e+00	2.520439e+00	1.008176e+01
5.121691283617085e-06	6.114008e+00	2.520439e+00	1.008176e+01
5.122691283617085e-06	6.114006e+00	2.520439e+00	1.008176e+01
5.123691283617085e-06	6.114006e+00	2.520439e+00	1.008177e+01
5.124691283617085e-06	6.114006e+00	2.520439e+00	1.008177e+01
5.125691283617085e-06	6.114006e+00	2.520439e+00	1.008177e+01
5.126691283617085e-06	6.114004e+00	2.520439e+00	1.008177e+01
5.127691283617085e-06	6.114006e+00	2.520439e+00	1.008177e+01
5.128691283617085e-06	6.114006e+00	2.520439e+00	1.008177e+01
5.129691283617085e-06	6.114006e+00	2.520443e+00	1.008177e+01
5.130691283617085e-06	6.114006e+00	2.520443e+00	1.008177e+01
5.131691283617085e-06	6.114006e+00	2.520443e+00	1.008177e+01
5.132691283617085e-06	6.114006e+00	2.520443e+00	1.008177e+01
5.133691283617085e-06	6.114006e+00	2.520443e+00	1.008177e+01
5.134691283617085e-06	6.114006e+00	2.520443e+00	1.008177e+01
5.135691283617085e-06	6.114006e+00	2.520443e+00	1.008177e+01
5.136691283617085e-06	6.114006e+00	2.520443e+00	1.008177e+01
5.137691283617085e-06	6.114006e+00	2.520443e+00	1.008177e+01
5.138691283617085e-06	6.114006e+00	2.520443e+00	1.008177e+01
5.139691283617085e-06	6.114006e+00	2.520443e+00	1.008177e+01
5.140691283617085e-06	6.114006e+00	2.520443e+00	1.008177e+01
5.141691283617085e-06	6.114006e+00	2.520443e+00	1.008177e+01
5.142691283617085e-06	6.114006e+00	2.520443e+00	1.008177e+01
5.143691283617085e-06	6.114006e+00	2.520443e+00	1.008177e+01
5.144691283617085e-06	6.114006e+00	2.520443e+00	1.008177e+01
5.145691283617085e-06	6.114006e+00	2.520443e+00	1.008177e+01
5.146691283617085e-06	6.114006e+00	2.520443e+00	1.008177e+01
5.147691283617085e-06	6.114006e+00	2.520443e+00	1.008177e+01
5.148691283617085e-06	6.114006e+00	2.520443e+00	1.008177e+01
5.149691283617085e-06	6.114006e+00	2.520443e+00	1.008177e+01
5.150691283617085e-06	6.114006e+00	2.520443e+00	1.008177e+01
5.151691283617085e-06	6.114006e+00	2.520443e+00	1.008177e+01
5.152691283617085e-06	6.114006e+00	2.520443e+00	1.008177e+01
5.153691283617085e-06	6.114006e+00	2.520443e+00	1.008177e+01
5.154691283617085e-06	6.114006e+00	2.520443e+00	1.008177e+01
5.155691283617085e-06	6.114006e+00	2.520443e+00	1.008177e+01
5.156691283617085e-06	6.114006e+00	2.520443e+00	1.008177e+01
5.157691283617085e-06	6.114006e+00	2.520443e+00	1.008177e+01
5.158691283617085e-06	6.114006e+00	2.520443e+00	1.008177e+01
5.159691283617085e-06	6.114006e+00	2.520443e+00	1.008177e+01
5.160691283617085e-06	6.114006e+00	2.520443e+00	1.008177e+01
5.161691283617085e-06	6.114006e+00	2.520443e+00	1.008177e+01
5.162691283617085e-06	6.114006e+00	2.520443e+00	1.008177e+01
5.163691283617085e-06	6.114006e+00	2.520443e+00	1.008177e+01
5.164691283617085e-06	6.114006e+00	2.520443e+00	1.008177e+01
5.165691283617085e-06	6.114006e+00	2.520443e+00	1.008177e+01
5.166691283617085e-06	6.114006e+00	2.520443e+00	1.008177e+01
5.167691283617085e-06	6.114006e+00	2.520443e+00	1.008177e+01
5.168691283617085e-06	6.114006e+00	2.520443e+00	1.008177e+01
5.169691283617085e-06	6.114006e+00	2.520443e+00	1.008177e+01
5.170691283617085e-06	6.114006e+00	2.520443e+00	1.008177e+01
5.171691283617085e-06	6.114006e+00	2.520443e+00	1.008177e+01
5.172691283617085e-06	6.114006e+00	2.520443e+00	1.008177e+01
5.173691283617085e-06	6.114006e+00	2.520443e+00	1.008177e+01
5.174691283617085e-06	6.114006e+00	2.520443e+00	1.008177e+01
5.175691283617085e-06	6.114006e+00	2.520443e+00	1.008177e+01
5.176691283617085e-06	6.114006e+00	2.520443e+00	1.008177e+01
5.177691283617085e-06	6.114006e+00	2.520443e+00	1.008177e+01
5.178691283617085e-06	6.114006e+00	2.520443e+00	1.008177e+01
5.179691283617085e-06	6.114006e+00	2.520443e+00	1.008177e+01
5.180691283617085e-06	6.114006e+00	2.520443e+00	1.008177e+01
5.181691283617085e-06	6.114006e+00	2.520443e+00	1.008177e+01
5.182691283617085e-06	6.114006e+00	2.520443e+00	1.008177e+01
5.183691283617085e-06	6.114006e+00	2.520443e+00	1.008177e+01
5.184691283617085e-06	6.114006e+00	2.520443e+00	1.008177e+01
5.185691283617085e-06	6.114006e+00	2.520443e+00	1.008177e+01
5.186691283617085e-06	6.114006e+00	2.520443e+00	1.008177e+01
5.187691283617085e-06	6.114006e+00	2.520443e+00	1.008177e+01
5.188691283617085e-06	6.114006e+00	2.520443e+00	1.008177e+01
5.189691283617085e-06	6.114006e+00	2.520443e+00	1.008177e+01
5.190691283617085e-06	6.114006e+00	2.520443e+00	1.008177e+01
5.192691283617085e-06	6.114006e+00	2.520443e+00	1.008177e+01
5.194691283617085e-06	6.114006e+00	2.520443e+00	1.008177e+01
5.196691283617085e-06	6.114006e+00	2.520443e+00	1.008177e+01
5.198691283617085e-06	6.114006e+00	2.520443e+00	1.008177e+01
5.200691283617085e-06	6.114006e+00	2.520443e+00	1.008177e+01
5.202691283617086e-06	6.114006e+00	2.520443e+00	1.008177e+01
5.204691283617085e-06	6.114006e+00	2.520443e+00	1.008177e+01
5.206691283617085e-06	6.114006e+00	2.520443e+00	1.008177e+01
5.209691283617085e-06	6.114006e+00	2.520443e+00	1.008177e+01
5.212691283617085e-06	6.114006e+00	2.520443e+00	1.008177e+01
5.213691283617085e-06	6.114006e+00	2.520443e+00	1.008177e+01
5.214691283617085e-06	6.114006e+00	2.520443e+00	1.008177e+01
5.215200000000000e-06	6.114006e+00	2.520443e+00	1.008177e+01
5.216200000000000e-06	6.114008e+00	2.520443e+00	1.008177e+01
5.216300000000000e-06	6.114109e+00	2.520443e+00	1.008209e+01
5.216500000000000e-06	6.114330e+00	2.520454e+00	1.008277e+01
5.216900000000000e-06	6.114763e+00	2.520489e+00	1.008413e+01
5.217700000000000e-06	6.115568e+00	2.520618e+00	1.008661e+01
5.218700000000000e-06	6.116453e+00	2.520851e+00	1.008934e+01
5.219700000000000e-06	6.117207e+00	2.521149e+00	1.009167e+01
5.220700000000000e-06	6.117821e+00	2.521484e+00	1.009356e+01
5.221700000000000e-06	6.118313e+00	2.521832e+00	1.009508e+01
5.222100000000000e-06	6.118471e+00	2.521973e+00	1.009557e+01
5.222300000000000e-06	6.118534e+00	2.522041e+00	1.009576e+01
5.222700000000000e-06	6.118633e+00	2.522179e+00	1.009607e+01
5.223100000000000e-06	6.118713e+00	2.522308e+00	1.009631e+01
5.223140000000000e-06	6.118681e+00	2.522324e+00	1.009622e+01
5.223220000000000e-06	6.118608e+00	2.522346e+00	1.009599e+01
5.223380000000000e-06	6.118444e+00	2.522388e+00	1.009547e+01
5.223700000000000e-06	6.118099e+00	2.522461e+00	1.009440e+01
5.224340000000000e-06	6.117397e+00	2.522537e+00	1.009223e+01
5.225340000000000e-06	6.116253e+00	2.522537e+00	1.008869e+01
5.226340000000000e-06	6.115005e+00	2.522392e+00	1.008484e+01
5.227340000000000e-06	6.113575e+00	2.522102e+00	1.008041e+01
5.228340000000000e-06	6.111816e+00	2.521656e+00	1.007497e+01
5.229339999999999e-06	6.109442e+00	2.521015e+00	1.006762e+01
5.230340000000000e-06	6.105679e+00	2.520088e+00	1.005596e+01
5.231340000000000e-06	6.095970e+00	2.518440e+00	1.002583e+01
5.232340000000000e-06	6.056139e+00	2.513855e+00	9.902080e+00
5.233340000000000e-06	5.961905e+00	2.501362e+00	9.610034e+00
5.234339999999999e-06	5.784029e+00	2.475410e+00	9.059161e+00
5.235004788302055e-06	5.605967e+00	2.446449e+00	8.508931e+00
5.235372191474285e-06	5.522240e+00	2.424599e+00	8.252569e+00
5.235730305704468e-06	5.454647e+00	2.400143e+00	8.045806e+00
5.236104389450357e-06	5.344587e+00	2.371754e+00	7.705538e+00
5.236469284166448e-06	5.159893e+00	2.338032e+00	7.134130e+00
5.236916166030168e-06	4.753502e+00	2.281860e+00	5.878501e+00
5.237356115495033e-06	4.006762e+00	2.194309e+00	3.583081e+00
5.237901082942446e-06	2.597618e+00	2.037563e+00	-7.296321e-01
5.237978712838519e-06	2.321135e+00	2.007011e+00	-1.570432e+00
5.238133972630664e-06	1.613636e+00	1.927986e+00	-3.706334e+00
5.238411755185709e-06	1.930313e-01	1.767193e+00	-7.968679e+00
5.238417633499181e-06	1.601334e-01	1.763390e+00	-8.064771e+00
5.238429390126126e-06	9.033585e-02	1.755196e+00	-8.267934e+00
5.238452903380014e-06	-5.044556e-02	1.738564e+00	-8.684940e+00
5.238467165398937e-06	-1.359520e-01	1.728249e+00	-8.937711e+00
5.238478245083605e-06	-2.020073e-01	1.719990e+00	-9.132524e+00
5.238491589816886e-06	-2.807655e-01	1.709755e+00	-9.364303e+00
5.238495745704487e-06	-2.988625e-01	1.706470e+00	-9.415735e+00
5.238504057479690e-06	-3.163643e-01	1.699863e+00	-9.459488e+00
5.238520681030095e-06	-3.296471e-01	1.686619e+00	-9.478522e+00
5.238552579521600e-06	-3.377190e-01	1.661316e+00	-9.459630e+00
5.238614819212088e-06	-3.362274e-01	1.612698e+00	-9.368269e+00
5.238722877413689e-06	-3.250275e-01	1.531101e+00	-9.184387e+00
5.238938993816889e-06	-3.010483e-01	1.378540e+00	-8.817266e+00
5.239371226623289e-06	-2.557411e-01	1.105522e+00	-8.104948e+00
5.239946214208978e-06	-2.027054e-01	7.946243e-01	-7.200797e+00
5.240512702893878e-06	-1.590118e-01	5.428658e-01	-6.359898e+00
5.241066811694361e-06	-1.244125e-01	3.461533e-01	-5.587533e+00
5.241649634617822e-06	-9.543228e-02	1.836281e-01	-4.825739e+00
5.242220870288731e-06	-7.330704e-02	6.143570e-02	-4.127955e+00
5.242800587622436e-06	-5.630875e-02	-3.053284e-02	-3.469798e+00
5.243368840950236e-06	-4.411316e-02	-9.456253e-02	-2.874672e+00
5.243945490711705e-06	-3.545380e-02	-1.377296e-01	-2.323865e+00
5.244516029964851e-06	-2.948380e-02	-1.645088e-01	-1.829826e+00
5.244921322781578e-06	-2.569962e-02	-1.773682e-01	-1.507872e+00
5.245079946555786e-06	-2.428055e-02	-1.819916e-01	-1.391153e+00
5.245187617036400e-06	-2.352905e-02	-1.850548e-01	-1.316951e+00
5.245294361212707e-06	-2.287674e-02	-1.876373e-01	-1.246591e+00
5.245416672222695e-06	-2.219009e-02	-1.901283e-01	-1.169354e+00
5.245536235325478e-06	-2.160263e-02	-1.921120e-01	-1.097432e+00
5.245670196923378e-06	-2.102280e-02	-1.938248e-01	-1.021142e+00
5.245820680140594e-06	-2.048111e-02	-1.951675e-01	-9.406976e-01
5.245992128883896e-06	-1.997375e-02	-1.960030e-01	-8.557143e-01
5.246200498717573e-06	-1.951218e-02	-1.961365e-01	-7.617220e-01
5.246461403097208e-06	-1.912308e-02	-1.951103e-01	-6.575215e-01
5.246808093026789e-06	-1.890945e-02	-1.920738e-01	-5.403901e-01
5.247301810505789e-06	-1.901245e-02	-1.854172e-01	-4.077307e-01
5.247932902586870e-06	-1.959991e-02	-1.744652e-01	-2.816942e-01
5.248597861559820e-06	-2.057266e-02	-1.612511e-01	-1.904504e-01
5.249416251949940e-06	-2.201462e-02	-1.441956e-01	-1.172944e-01
5.250094155607680e-06	-2.327728e-02	-1.302795e-01	-7.843330e-02
5.250772137893708e-06	-2.452087e-02	-1.170578e-01	-5.387982e-02
5.251438879439818e-06	-2.567673e-02	-1.051064e-01	-3.848641e-02
5.252438879439818e-06	-2.724457e-02	-8.906555e-02	-2.430447e-02
5.253438879439818e-06	-2.862549e-02	-7.505035e-02	-1.581831e-02
5.254438879439818e-06	-2.980804e-02	-6.308746e-02	-1.096655e-02
5.255438879439817e-06	-3.081131e-02	-5.295181e-02	-8.033062e-03
5.256438879439818e-06	-3.165436e-02	-4.440308e-02	-6.139336e-03
5.257438879439818e-06	-3.236008e-02	-3.720856e-02	-4.834197e-03
5.258438879439818e-06	-3.294754e-02	-3.116989e-02	-3.880010e-03
5.259438879439818e-06	-3.342819e-02	-2.610016e-02	-3.149388e-03
5.260438879439818e-06	-3.383255e-02	-2.184677e-02	-2.570686e-03
5.261438879439818e-06	-3.416061e-02	-1.828766e-02	-2.101957e-03
5.262438879439818e-06	-3.442383e-02	-1.531219e-02	-1.715522e-03
5.263438879439818e-06	-3.464127e-02	-1.281738e-02	-1.394610e-03
5.264438879439818e-06	-3.481674e-02	-1.072693e-02	-1.128674e-03
5.265438879439818e-06	-3.495026e-02	-8.975983e-03	-9.069151e-04
5.266438879439818e-06	-3.505707e-02	-7.503510e-03	-7.221038e-04
5.267438879439817e-06	-3.514481e-02	-6.275177e-03	-5.667839e-04
5.268438879439818e-06	-3.520584e-02	-5.245209e-03	-4.354449e-04
5.269438879439818e-06	-3.524399e-02	-4.383087e-03	-3.251585e-04
5.270438879439818e-06	-3.527451e-02	-3.662109e-03	-2.327157e-04
5.271438879439818e-06	-3.528976e-02	-3.059387e-03	-1.550036e-04
5.272438879439818e-06	-3.529358e-02	-2.552032e-03	-8.980554e-05
5.273438879439818e-06	-3.528976e-02	-2.128601e-03	-3.492001e-05
5.274438879439818e-06	-3.527451e-02	-1.770020e-03	1.114889e-05
5.275438879439818e-06	-3.525543e-02	-1.472473e-03	4.998688e-05
5.276438879439818e-06	-3.523254e-02	-1.224518e-03	8.259898e-05
5.277438879439818e-06	-3.520584e-02	-1.014709e-03	1.096959e-04
5.278438879439818e-06	-3.517532e-02	-8.354187e-04	1.323002e-04
5.279438879439818e-06	-3.514099e-02	-6.866455e-04	1.518752e-04
5.280438879439818e-06	-3.510284e-02	-5.569458e-04	1.685440e-04
5.281438879439818e-06	-3.506470e-02	-4.539490e-04	1.828038e-04
5.282438879439818e-06	-3.501892e-02	-3.662109e-04	1.948483e-04
5.283438879439818e-06	-3.497696e-02	-2.937317e-04	2.051414e-04
5.284438879439817e-06	-3.493118e-02	-2.288818e-04	2.138182e-04
5.285438879439818e-06	-3.488541e-02	-1.792908e-04	2.212621e-04
5.286438879439818e-06	-3.483582e-02	-1.373291e-04	2.275402e-04
5.287438879439818e-06	-3.479004e-02	-1.029968e-04	2.329640e-04
5.288438879439818e-06	-3.474426e-02	-7.247925e-05	2.375472e-04
5.289438879439818e-06	-3.469086e-02	-4.577637e-05	2.415460e-04
5.290438879439818e-06	-3.464127e-02	-2.288818e-05	2.449359e-04
5.291438879439818e-06	-3.458786e-02	-7.629395e-06	2.479324e-04
5.292438879439818e-06	-3.453827e-02	7.629395e-06	2.504843e-04
5.293438879439818e-06	-3.448486e-02	2.288818e-05	2.527774e-04
5.294438879439818e-06	-3.443146e-02	3.051758e-05	2.547427e-04
5.295438879439818e-06	-3.438187e-02	3.814697e-05	2.565438e-04
5.296438879439818e-06	-3.433228e-02	4.577637e-05	2.581000e-04
5.297438879439818e-06	-3.427887e-02	5.340576e-05	2.595587e-04
5.298438879439818e-06	-3.422546e-02	5.722046e-05	2.608316e-04
5.299438879439818e-06	-3.416824e-02	6.103516e-05	2.620533e-04
5.300438879439818e-06	-3.411484e-02	6.484985e-05	2.631316e-04
5.301438879439818e-06	-3.406143e-02	6.866455e-05	2.641914e-04
5.302438879439818e-06	-3.400803e-02	7.247925e-05	2.651381e-04
5.303438879439818e-06	-3.395462e-02	7.247925e-05	2.660890e-04
5.304438879439818e-06	-3.390121e-02	7.247925e-05	2.669486e-04
5.305438879439818e-06	-3.384781e-02	7.629395e-05	2.678282e-04
5.306438879439818e-06	-3.379059e-02	7.629395e-05	2.686324e-04
5.307438879439818e-06	-3.373337e-02	7.629395e-05	2.694675e-04
5.308438879439818e-06	-3.368378e-02	7.629395e-05	2.702389e-04
5.309438879439818e-06	-3.362274e-02	7.629395e-05	2.710485e-04
5.310438879439818e-06	-3.357315e-02	8.010864e-05	2.718033e-04
5.311438879439818e-06	-3.351593e-02	8.010864e-05	2.726012e-04
5.312438879439818e-06	-3.345871e-02	8.010864e-05	2.733508e-04
5.313438879439818e-06	-3.340149e-02	8.010864e-05	2.741470e-04
5.314438879439818e-06	-3.334808e-02	8.010864e-05	2.748999e-04
5.315438879439818e-06	-3.329086e-02	8.010864e-05	2.757015e-04
5.316438879439818e-06	-3.323746e-02	8.010864e-05	2.764639e-04
5.317438879439818e-06	-3.317642e-02	8.010864e-05	2.772764e-04
5.318438879439818e-06	-3.312302e-02	8.010864e-05	2.780528e-04
5.319438879439818e-06	-3.306580e-02	8.010864e-05	2.788801e-04
5.320438879439818e-06	-3.300858e-02	8.010864e-05	2.796740e-04
5.321438879439818e-06	-3.295135e-02	8.010864e-05	2.805193e-04
5.322438879439818e-06	-3.289413e-02	8.010864e-05	2.813335e-04
5.323438879439818e-06	-3.283691e-02	8.010864e-05	2.821992e-04
5.324438879439818e-06	-3.277969e-02	8.010864e-05	2.830360e-04
5.325438879439818e-06	-3.271866e-02	8.010864e-05	2.839243e-04
5.326438879439818e-06	-3.266525e-02	8.010864e-05	2.847853e-04
5.327438879439818e-06	-3.260803e-02	8.010864e-05	2.856979e-04
5.328438879439818e-06	-3.254700e-02	8.010864e-05	2.865850e-04
5.329438879439818e-06	-3.248978e-02	8.392334e-05	2.875236e-04
5.330438879439818e-06	-3.243256e-02	8.392334e-05	2.884382e-04
5.331438879439818e-06	-3.237534e-02	8.392334e-05	2.894040e-04
5.332438879439818e-06	-3.231049e-02	8.392334e-05	2.903476e-04
5.333438879439818e-06	-3.225327e-02	8.392334e-05	2.913422e-04
5.334438879439818e-06	-3.219223e-02	8.392334e-05	2.923161e-04
5.335438879439818e-06	-3.213501e-02	8.392334e-05	2.933409e-04
5.336438879439818e-06	-3.207779e-02	8.392334e-05	2.943465e-04
5.337438879439818e-06	-3.201294e-02	8.392334e-05	2.954029e-04
5.338438879439818e-06	-3.195572e-02	8.392334e-05	2.964415e-04
5.339438879439818e-06	-3.189087e-02	8.392334e-05	2.975311e-04
5.340438879439818e-06	-3.182983e-02	8.392334e-05	2.986042e-04
5.341438879439818e-06	-3.176880e-02	8.392334e-05	2.997282e-04
5.342438879439818e-06	-3.170776e-02	8.392334e-05	3.008373e-04
5.343438879439818e-06	-3.165054e-02	8.392334e-05	3.019974e-04
5.344438879439818e-06	-3.158569e-02	8.392334e-05	3.031441e-04
5.345438879439818e-06	-3.152466e-02	8.392334e-05	3.043420e-04
5.346438879439818e-06	-3.146362e-02	8.392334e-05	3.055278e-04
5.347438879439818e-06	-3.139877e-02	8.392334e-05	3.067651e-04
5.348438879439818e-06	-3.133774e-02	8.392334e-05	3.079919e-04
5.349438879439818e-06	-3.127289e-02	8.392334e-05	3.092703e-04
5.350438879439818e-06	-3.120804e-02	8.392334e-05	3.105400e-04
5.351438879439818e-06	-3.114700e-02	8.392334e-05	3.118615e-04
5.352438879439818e-06	-3.108597e-02	8.392334e-05	3.131758e-04
5.353438879439818e-06	-3.101730e-02	8.392334e-05	3.145426e-04
5.354438879439818e-06	-3.095627e-02	8.392334e-05	3.159037e-04
5.355438879439818e-06	-3.089142e-02	8.392334e-05	3.173177e-04
5.356438879439818e-06	-3.082657e-02	8.392334e-05	3.187278e-04
5.357438879439818e-06	-3.076172e-02	8.392334e-05	3.201913e-04
5.358438879439818e-06	-3.069305e-02	8.392334e-05	3.216527e-04
5.359438879439818e-06	-3.062439e-02	8.392334e-05	3.231683e-04
5.360438879439818e-06	-3.055954e-02	8.392334e-05	3.246836e-04
5.361438879439818e-06	-3.049469e-02	8.392334e-05	3.262537e-04
5.362438879439818e-06	-3.042984e-02	8.392334e-05	3.278254e-04
5.363438879439818e-06	-3.036118e-02	8.392334e-05	3.294529e-04
5.364438879439818e-06	-3.029633e-02	8.392334e-05	3.310839e-04
5.365438879439818e-06	-3.022766e-02	9.155273e-05	3.327717e-04
5.366438879439818e-06	-3.016281e-02	9.918213e-05	3.330092e-04
5.367438879439818e-06	-3.009415e-02	1.106262e-04	3.330039e-04
5.368438879439818e-06	-3.002548e-02	1.220703e-04	3.347876e-04
5.369438879439818e-06	-2.995682e-02	1.258850e-04	3.373508e-04
5.370438879439818e-06	-2.989197e-02	1.335144e-04	3.401084e-04
5.371438879439818e-06	-2.981949e-02	1.373291e-04	3.429140e-04
5.372438879439818e-06	-2.974701e-02	1.411438e-04	3.456317e-04
5.373438879439818e-06	-2.967834e-02	1.411438e-04	3.482905e-04
5.374438879439818e-06	-2.960968e-02	1.449585e-04	3.508378e-04
5.375438879439818e-06	-2.953720e-02	1.449585e-04	3.533380e-04
5.376438879439818e-06	-2.946472e-02	1.449585e-04	3.557545e-04
5.377438879439818e-06	-2.939224e-02	1.449585e-04	3.581542e-04
5.378438879439818e-06	-2.931976e-02	1.449585e-04	3.605013e-04
5.379438879439818e-06	-2.924347e-02	1.449585e-04	3.628589e-04
5.380438879439818e-06	-2.917099e-02	1.449585e-04	3.651892e-04
5.381438879439818e-06	-2.909851e-02	1.411438e-04	3.675513e-04
5.382438879439818e-06	-2.901840e-02	1.411438e-04	3.699056e-04
5.383438879439818e-06	-2.894211e-02	1.411438e-04	3.723075e-04
5.384438879439818e-06	-2.886963e-02	1.411438e-04	3.747166e-04
5.385438879439818e-06	-2.879333e-02	1.373291e-04	3.771853e-04
5.386438879439818e-06	-2.872086e-02	1.373291e-04	3.796729e-04
5.387438879439818e-06	-2.864075e-02	1.373291e-04	3.822294e-04
5.388438879439819e-06	-2.856445e-02	1.373291e-04	3.848144e-04
5.389438879439818e-06	-2.848434e-02	1.335144e-04	3.874759e-04
5.390438879439818e-06	-2.840042e-02	1.335144e-04	3.901738e-04
5.391438879439818e-06	-2.832031e-02	1.335144e-04	3.929549e-04
5.392438879439818e-06	-2.824020e-02	1.335144e-04	3.957794e-04
5.393438879439818e-06	-2.816010e-02	1.335144e-04	3.986929e-04
5.394438879439818e-06	-2.807999e-02	1.296997e-04	4.016566e-04
5.395438879439818e-06	-2.799606e-02	1.296997e-04	4.047148e-04
5.396438879439818e-06	-2.791595e-02	1.296997e-04	4.078295e-04
5.397438879439818e-06	-2.782822e-02	1.296997e-04	4.110444e-04
5.398438879439818e-06	-2.774811e-02	1.296997e-04	4.143223e-04
5.399438879439818e-06	-2.766037e-02	1.296997e-04	4.177060e-04
5.400438879439819e-06	-2.757263e-02	1.296997e-04	4.211595e-04
5.401438879439818e-06	-2.748489e-02	1.296997e-04	4.247249e-04
5.402438879439818e-06	-2.739716e-02	1.296997e-04	4.283671e-04
5.403438879439818e-06	-2.730942e-02	1.296997e-04	4.321278e-04
5.404438879439818e-06	-2.722168e-02	1.296997e-04	4.359730e-04
5.405438879439819e-06	-2.713394e-02	1.296997e-04	4.399439e-04
5.406438879439818e-06	-2.704239e-02	1.296997e-04	4.440076e-04
5.407438879439818e-06	-2.695084e-02	1.296997e-04	4.482048e-04
5.408438879439818e-06	-2.685928e-02	1.296997e-04	4.525040e-04
5.409438879439818e-06	-2.676773e-02	1.296997e-04	4.569455e-04
5.410438879439818e-06	-2.667236e-02	1.296997e-04	4.614990e-04
5.411438879439818e-06	-2.657700e-02	1.296997e-04	4.662047e-04
5.412438879439818e-06	-2.648163e-02	1.296997e-04	4.710335e-04
5.413438879439818e-06	-2.638245e-02	1.296997e-04	4.760255e-04
5.414438879439818e-06	-2.628326e-02	1.296997e-04	4.811529e-04
5.415438879439818e-06	-2.618027e-02	1.296997e-04	4.864561e-04
5.416438879439818e-06	-2.608490e-02	1.296997e-04	4.919084e-04
5.417438879439819e-06	-2.598572e-02	1.335144e-04	4.975505e-04
5.418438879439818e-06	-2.587891e-02	1.335144e-04	5.033572e-04
5.419438879439818e-06	-2.577209e-02	1.335144e-04	5.093695e-04
5.420438879439818e-06	-2.566910e-02	1.335144e-04	5.155641e-04
5.421438879439818e-06	-2.555847e-02	1.373291e-04	5.219820e-04
5.422438879439819e-06	-2.545166e-02	1.373291e-04	5.286020e-04
5.423438879439818e-06	-2.534103e-02	1.373291e-04	5.354659e-04
5.424438879439818e-06	-2.523041e-02	1.373291e-04	5.425542e-04
5.425438879439818e-06	-2.511597e-02	1.411438e-04	5.499098e-04
5.426438879439818e-06	-2.500534e-02	1.411438e-04	5.575154e-04
5.427438879439818e-06	-2.488708e-02	1.449585e-04	5.654151e-04
5.428438879439818e-06	-2.476883e-02	1.449585e-04	5.735941e-04
5.429438879439819e-06	-2.465057e-02	1.449585e-04	5.820981e-04
5.430438879439818e-06	-2.452850e-02	1.449585e-04	5.909153e-04
5.431438879439818e-06	-2.440643e-02	1.487732e-04	6.000932e-04
5.432438879439818e-06	-2.428436e-02	1.487732e-04	6.096233e-04
5.433438879439818e-06	-2.415466e-02	1.525879e-04	6.195558e-04
5.434438879439819e-06	-2.402115e-02	1.525879e-04	6.298861e-04
5.435438879439818e-06	-2.388763e-02	1.564026e-04	6.406673e-04
5.436438879439818e-06	-2.375793e-02	1.564026e-04	6.518995e-04
5.437438879439818e-06	-2.362061e-02	1.602173e-04	6.636402e-04
5.438438879439818e-06	-2.347946e-02	1.602173e-04	6.758946e-04
5.439438879439819e-06	-2.333832e-02	1.640320e-04	6.887253e-04
5.440438879439818e-06	-2.319717e-02	1.678467e-04	7.021444e-04
5.441438879439818e-06	-2.304840e-02	1.678467e-04	7.162208e-04
5.442438879439818e-06	-2.289581e-02	1.716614e-04	7.309750e-04
5.443438879439818e-06	-2.273941e-02	1.754761e-04	7.464839e-04
5.444438879439818e-06	-2.258682e-02	1.754761e-04	7.627784e-04
5.445438879439818e-06	-2.242279e-02	1.831055e-04	7.799459e-04
5.446438879439819e-06	-2.225876e-02	1.831055e-04	7.980303e-04
5.447438879439818e-06	-2.208710e-02	1.907349e-04	8.171326e-04
5.448438879439818e-06	-2.191544e-02	1.907349e-04	8.373134e-04
5.449438879439818e-06	-2.173615e-02	1.983643e-04	8.586917e-04
5.450438879439818e-06	-2.155304e-02	1.983643e-04	8.813496e-04
5.451438879439819e-06	-2.136230e-02	2.059937e-04	9.054302e-04
5.452438879439818e-06	-2.117157e-02	2.098083e-04	9.310441e-04
5.453438879439818e-06	-2.097321e-02	2.136230e-04	9.583663e-04
5.454438879439818e-06	-2.076340e-02	2.212524e-04	9.875466e-04
5.455438879439818e-06	-2.055359e-02	2.250671e-04	1.018804e-03
5.456438879439819e-06	-2.033234e-02	2.326965e-04	1.052341e-03
5.457438879439818e-06	-2.011108e-02	2.365112e-04	1.088439e-03
5.458438879439819e-06	-1.987076e-02	2.441406e-04	1.127376e-03
5.459438879439818e-06	-1.962280e-02	2.517700e-04	1.169522e-03
5.460438879439818e-06	-1.936722e-02	2.593994e-04	1.215262e-03
5.461438879439818e-06	-1.910400e-02	2.708435e-04	1.265097e-03
5.462438879439818e-06	-1.882935e-02	2.784729e-04	1.319576e-03
5.463438879439819e-06	-1.853561e-02	2.899170e-04	1.379396e-03
5.464438879439818e-06	-1.822662e-02	2.975464e-04	1.445359e-03
5.465438879439818e-06	-1.790619e-02	3.128052e-04	1.518474e-03
5.466438879439818e-06	-1.756668e-02	3.280640e-04	1.599947e-03
5.467438879439818e-06	-1.720810e-02	3.433228e-04	1.691306e-03
5.468438879439819e-06	-1.682281e-02	3.585815e-04	1.794443e-03
5.469438879439818e-06	-1.641464e-02	3.738403e-04	1.911796e-03
5.470438879439818e-06	-1.597214e-02	3.967285e-04	2.046498e-03
5.471438879439818e-06	-1.549149e-02	4.196167e-04	2.202694e-03
5.472438879439818e-06	-1.496887e-02	4.463196e-04	2.385958e-03
5.473438879439819e-06	-1.440048e-02	4.768372e-04	2.603957e-03
5.474438879439818e-06	-1.376343e-02	5.111694e-04	2.867598e-03
5.475438879439819e-06	-1.305008e-02	5.531311e-04	3.192780e-03
5.476438879439818e-06	-1.224136e-02	6.027222e-04	3.603913e-03
5.477438879439818e-06	-1.129150e-02	6.637573e-04	4.139849e-03
5.478438879439819e-06	-1.016235e-02	7.400513e-04	4.867309e-03
5.479438879439818e-06	-8.754730e-03	8.430481e-04	5.908003e-03
5.480438879439819e-06	-6.893158e-03	9.841919e-04	7.537136e-03
5.481438879439818e-06	-4.199982e-03	1.190186e-03	1.037018e-02
5.482438879439818e-06	-7.247925e-05	1.529694e-03	1.529820e-02
5.483438879439818e-06	5.222321e-03	2.025604e-03	2.068829e-02
5.484438879439818e-06	9.555817e-03	2.563477e-03	2.116792e-02
5.485438879439819e-06	1.111984e-02	2.887726e-03	1.470747e-02
5.486397718584820e-06	1.037216e-02	2.838135e-03	6.044758e-03
5.487397718584821e-06	8.453369e-03	2.456665e-03	-1.426690e-03
5.488397718584821e-06	6.202698e-03	1.888275e-03	-6.182011e-03
5.489397718584821e-06	4.077911e-03	1.270294e-03	-8.339795e-03
5.490397718584821e-06	2.288818e-03	7.019043e-04	-8.620759e-03
5.491397718584820e-06	8.888245e-04	2.441406e-04	-7.832773e-03
5.492397718584821e-06	-1.564026e-04	-9.918213e-05	-6.568121e-03
5.493397718584821e-06	-9.040833e-04	-3.280640e-04	-5.189706e-03
5.494397718584821e-06	-1.399994e-03	-4.653931e-04	-3.879687e-03
5.495397718584821e-06	-1.689911e-03	-5.264282e-04	-2.713481e-03
5.496397718584820e-06	-1.815796e-03	-5.302429e-04	-1.706207e-03
5.497397718584821e-06	-1.804352e-03	-4.959106e-04	-8.511301e-04
5.498397718584820e-06	-1.678467e-03	-4.348755e-04	-1.342332e-04
5.499397718584821e-06	-1.461029e-03	-3.547668e-04	4.538122e-04
5.500397718584821e-06	-1.174927e-03	-2.670288e-04	9.168045e-04
5.501397718584821e-06	-8.544922e-04	-1.754761e-04	1.252040e-03
5.502397718584821e-06	-5.187988e-04	-9.155273e-05	1.454822e-03
5.503397718584820e-06	-2.021790e-04	-1.525879e-05	1.523172e-03
5.504397718584821e-06	8.010864e-05	5.340576e-05	1.463468e-03
5.505397718584821e-06	3.013611e-04	9.918213e-05	1.294193e-03
5.506397718584821e-06	4.577637e-04	1.296997e-04	1.044734e-03
5.507397718584821e-06	5.416870e-04	1.449585e-04	7.517344e-04
5.508397718584820e-06	5.683899e-04	1.487732e-04	4.515584e-04
5.509397718584821e-06	5.416870e-04	1.373291e-04	1.752542e-04
5.510397718584821e-06	4.844666e-04	1.144409e-04	-5.584475e-05
5.511397718584821e-06	4.005432e-04	9.155273e-05	-2.302246e-04
5.512397718584821e-06	3.051758e-04	6.484985e-05	-3.454805e-04
5.513397718584821e-06	2.098083e-04	3.814697e-05	-4.056460e-04
5.514397718584821e-06	1.258850e-04	1.525879e-05	-4.189549e-04
5.515397718584820e-06	4.959106e-05	-3.814697e-06	-3.956160e-04
5.516397718584821e-06	-7.629395e-06	-1.907349e-05	-3.462074e-04
5.517397718584821e-06	-4.959106e-05	-3.051758e-05	-2.807249e-04
5.518397718584821e-06	-7.629395e-05	-3.433228e-05	-2.078322e-04
5.519397718584821e-06	-8.392334e-05	-3.814697e-05	-1.347389e-04
5.520397718584820e-06	-8.392334e-05	-3.433228e-05	-6.694438e-05
5.521397718584821e-06	-7.247925e-05	-3.051758e-05	-8.422379e-06
5.522397718584821e-06	-5.722046e-05	-2.288818e-05	3.839996e-05
5.523397718584821e-06	-3.433228e-05	-1.907349e-05	7.240268e-05
5.524397718584821e-06	-1.144409e-05	-1.144409e-05	9.363933e-05
5.525397718584820e-06	1.144409e-05	-7.629395e-06	1.031043e-04
5.526397718584821e-06	3.433228e-05	0.000000e+00	1.024741e-04
5.527397718584821e-06	4.959106e-05	3.814697e-06	9.389989e-05
5.528397718584821e-06	6.103516e-05	7.629395e-06	7.969354e-05
5.529397718584821e-06	6.866455e-05	7.629395e-06	6.218523e-05
5.530397718584821e-06	7.247925e-05	7.629395e-06	4.345138e-05
5.531397718584821e-06	7.629395e-05	7.629395e-06	2.527439e-05
5.532397718584821e-06	7.247925e-05	7.629395e-06	8.976975e-06
5.533397718584821e-06	7.247925e-05	7.629395e-06	-4.518704e-06
5.534397718584821e-06	6.103516e-05	7.629395e-06	-1.474725e-05
5.535397718584821e-06	5.722046e-05	3.814697e-06	-2.158163e-05
5.536397718584821e-06	5.340576e-05	3.814697e-06	-2.521873e-05
5.537397718584820e-06	4.959106e-05	0.000000e+00	-2.604978e-05
5.538397718584821e-06	4.196167e-05	0.000000e+00	-2.462128e-05
5.539397718584821e-06	3.814697e-05	0.000000e+00	-2.152657e-05
5.540397718584821e-06	3.814697e-05	0.000000e+00	-1.737500e-05
5.541397718584821e-06	3.433228e-05	0.000000e+00	-1.271607e-05
5.542397718584821e-06	3.051758e-05	0.000000e+00	-8.032424e-06
5.543397718584821e-06	3.051758e-05	0.000000e+00	-3.693494e-06
5.544397718584821e-06	3.433228e-05	0.000000e+00	2.539309e-08
5.545397718584821e-06	3.433228e-05	0.000000e+00	2.969238e-06
5.546397718584821e-06	3.433228e-05	0.000000e+00	5.063572e-06
5.547397718584821e-06	3.814697e-05	0.000000e+00	6.331065e-06
5.548397718584821e-06	4.196167e-05	0.000000e+00	6.839786e-06
5.549397718584821e-06	4.196167e-05	0.000000e+00	6.718947e-06
5.550397718584821e-06	4.577637e-05	0.000000e+00	6.103968e-06
5.551397718584821e-06	4.577637e-05	0.000000e+00	5.156973e-06
5.552397718584821e-06	4.196167e-05	0.000000e+00	4.015346e-06
5.553397718584821e-06	4.577637e-05	0.000000e+00	2.819143e-06
5.554397718584821e-06	4.577637e-05	0.000000e+00	1.666478e-06
5.555397718584821e-06	4.196167e-05	0.000000e+00	6.472328e-07
5.556397718584821e-06	4.577637e-05	0.000000e+00	-1.943845e-07
5.557397718584821e-06	4.577637e-05	0.000000e+00	-8.221396e-07
5.558397718584821e-06	4.196167e-05	0.000000e+00	-1.239736e-06
5.559397718584821e-06	4.196167e-05	0.000000e+00	-1.451852e-06
5.560397718584821e-06	4.577637e-05	0.000000e+00	-1.493070e-06
5.561397718584821e-06	4.196167e-05	0.000000e+00	-1.389722e-06
5.562397718584821e-06	4.196167e-05	0.000000e+00	-1.188135e-06
5.563397718584821e-06	4.196167e-05	0.000000e+00	-9.185314e-07
5.564397718584821e-06	4.196167e-05	0.000000e+00	-6.238843e-07
5.565397718584821e-06	4.196167e-05	0.000000e+00	-3.262394e-07
5.566397718584821e-06	4.196167e-05	0.000000e+00	-5.681068e-08
5.567397718584821e-06	4.196167e-05	0.000000e+00	1.756707e-07
5.568397718584821e-06	4.196167e-05	0.000000e+00	3.537643e-07
5.569397718584821e-06	4.196167e-05	0.000000e+00	4.815229e-07
5.570397718584821e-06	4.196167e-05	0.000000e+00	5.526963e-07
5.571397718584821e-06	4.196167e-05	0.000000e+00	5.802285e-07
5.572397718584821e-06	4.196167e-05	0.000000e+00	5.644470e-07
5.573397718584821e-06	4.577637e-05	0.000000e+00	5.222755e-07
5.574397718584821e-06	4.577637e-05	0.000000e+00	4.559770e-07
5.575397718584821e-06	4.577637e-05	0.000000e+00	3.823006e-07
5.576397718584821e-06	4.577637e-05	0.000000e+00	3.020177e-07
5.577397718584821e-06	4.196167e-05	0.000000e+00	2.291636e-07
5.578397718584821e-06	4.196167e-05	0.000000e+00	1.613953e-07
5.579397718584821e-06	4.577637e-05	0.000000e+00	1.091466e-07
5.580397718584821e-06	4.577637e-05	0.000000e+00	6.682967e-08
5.581397718584821e-06	4.577637e-05	0.000000e+00	4.172762e-08
5.582397718584821e-06	4.577637e-05	0.000000e+00	2.583693e-08
5.583397718584821e-06	4.577637e-05	0.000000e+00	2.440356e-08
5.584397718584821e-06	4.577637e-05	0.000000e+00	2.824527e-08
5.585397718584821e-06	4.196167e-05	0.000000e+00	4.181493e-08
5.586397718584821e-06	4.196167e-05	0.000000e+00	5.584297e-08
5.587397718584821e-06	4.577637e-05	0.000000e+00	7.489143e-08
5.588397718584821e-06	4.577637e-05	0.000000e+00	9.036012e-08
5.589397718584821e-06	4.577637e-05	0.000000e+00	1.075023e-07
5.590397718584821e-06	4.577637e-05	0.000000e+00	1.186709e-07
5.591397718584821e-06	4.577637e-05	0.000000e+00	1.298686e-07
5.592397718584821e-06	4.577637e-05	0.000000e+00	1.343578e-07
5.593397718584821e-06	4.196167e-05	0.000000e+00	1.387743e-07
5.594397718584821e-06	4.196167e-05	0.000000e+00	1.370208e-07
5.595397718584821e-06	4.577637e-05	0.000000e+00	1.360168e-07
5.596397718584821e-06	4.577637e-05	0.000000e+00	1.300141e-07
5.597397718584821e-06	4.577637e-05	0.000000e+00	1.259396e-07
5.598397718584821e-06	4.577637e-05	0.000000e+00	1.181106e-07
5.599397718584821e-06	4.577637e-05	0.000000e+00	1.132721e-07
5.600397718584821e-06	4.577637e-05	0.000000e+00	1.056542e-07
5.601397718584821e-06	4.196167e-05	0.000000e+00	1.016888e-07
5.602397718584821e-06	4.196167e-05	0.000000e+00	9.549694e-08
5.603397718584821e-06	4.577637e-05	0.000000e+00	9.320502e-08
5.604397718584821e-06	4.577637e-05	0.000000e+00	8.881034e-08
5.605397718584821e-06	4.577637e-05	0.000000e+00	8.820280e-08
5.606397718584821e-06	4.577637e-05	0.000000e+00	8.535790e-08
5.607397718584821e-06	4.577637e-05	0.000000e+00	8.599091e-08
5.608397718584821e-06	4.577637e-05	0.000000e+00	8.412826e-08
5.609397718584821e-06	4.196167e-05	0.000000e+00	8.539064e-08
5.610397718584821e-06	4.196167e-05	0.000000e+00	8.390271e-08
5.611397718584821e-06	4.577637e-05	0.000000e+00	8.524512e-08
5.612397718584821e-06	4.577637e-05	0.000000e+00	8.367715e-08
5.613397718584821e-06	4.577637e-05	0.000000e+00	8.474308e-08
5.614397718584821e-06	4.577637e-05	0.000000e+00	8.284042e-08
5.615397718584821e-06	4.577637e-05	0.000000e+00	8.348798e-08
5.616397718584821e-06	4.577637e-05	0.000000e+00	8.120696e-08
5.617397718584821e-06	4.577637e-05	0.000000e+00	8.146890e-08
5.618397718584821e-06	4.577637e-05	0.000000e+00	7.890412e-08
5.619397718584821e-06	4.196167e-05	0.000000e+00	7.891504e-08
5.620397718584821e-06	4.196167e-05	0.000000e+00	7.621202e-08
5.621397718584821e-06	4.577637e-05	0.000000e+00	7.612471e-08
5.622397718584821e-06	4.577637e-05	0.000000e+00	7.343260e-08
5.623397718584821e-06	4.577637e-05	0.000000e+00	7.337076e-08
5.624397718584821e-06	4.577637e-05	0.000000e+00	7.078779e-08
5.625397718584821e-06	4.577637e-05	0.000000e+00	7.083145e-08
5.626397718584821e-06	4.577637e-05	0.000000e+00	6.840492e-08
5.627397718584821e-06	4.577637e-05	0.000000e+00	6.856862e-08
5.628397718584821e-06	4.577637e-05	0.000000e+00	6.629489e-08
5.629397718584821e-06	4.196167e-05	0.000000e+00	6.656046e-08
5.630397718584821e-06	4.196167e-05	0.000000e+00	6.440678e-08
5.631397718584821e-06	4.577637e-05	0.000000e+00	6.473783e-08
5.632397718584821e-06	4.577637e-05	0.000000e+00	6.266782e-08
5.633397718584821e-06	4.577637e-05	0.000000e+00	6.303162e-08
5.634397718584821e-06	4.577637e-05	0.000000e+00	6.101254e-08
5.635397718584821e-06	4.577637e-05	0.000000e+00	6.137270e-08
5.636397718584821e-06	4.577637e-05	0.000000e+00	5.937545e-08
5.637397718584821e-06	4.577637e-05	0.000000e+00	5.972106e-08
5.638397718584821e-06	4.577637e-05	0.000000e+00	5.773836e-08
5.639397718584821e-06	4.196167e-05	0.000000e+00	5.806214e-08
5.640397718584821e-06	4.196167e-05	0.000000e+00	5.609763e-08
5.641397718584821e-06	4.577637e-05	0.000000e+00	5.640686e-08
5.642397718584821e-06	4.577637e-05	0.000000e+00	5.446054e-08
5.643397718584821e-06	4.577637e-05	0.000000e+00	5.476613e-08
5.644397718584821e-06	4.577637e-05	0.000000e+00	5.285983e-08
5.645397718584821e-06	4.577637e-05	0.000000e+00	5.317270e-08
5.646397718584821e-06	4.577637e-05	0.000000e+00	5.130642e-08
5.647397718584821e-06	4.577637e-05	0.000000e+00	5.162656e-08
5.648397718584821e-06	4.577637e-05	0.000000e+00	4.980029e-08
5.649397718584821e-06	4.577637e-05	0.000000e+00	5.013499e-08
5.650397718584821e-06	4.577637e-05	0.000000e+00	4.835601e-08
5.651397718584821e-06	4.196167e-05	0.000000e+00	4.870526e-08
5.652397718584821e-06	4.196167e-05	0.000000e+00	4.696631e-08
5.653397718584821e-06	4.577637e-05	0.000000e+00	4.731919e-08
5.654397718584821e-06	4.577637e-05	0.000000e+00	4.562025e-08
5.655397718584821e-06	4.577637e-05	0.000000e+00	4.598405e-08
5.656397718584821e-06	4.577637e-05	0.000000e+00	4.432150e-08
5.657397718584821e-06	4.577637e-05	0.000000e+00	4.468893e-08
5.658397718584821e-06	4.577637e-05	0.000000e+00	4.305548e-08
5.659397718584821e-06	4.577637e-05	0.000000e+00	4.342292e-08
5.660397718584821e-06	4.577637e-05	0.000000e+00	4.182220e-08
5.661397718584821e-06	4.577637e-05	0.000000e+00	4.219692e-08
5.662397718584821e-06	4.577637e-05	0.000000e+00	4.063259e-08
5.663397718584821e-06	4.196167e-05	0.000000e+00	4.100730e-08
5.664397718584821e-06	4.196167e-05	0.000000e+00	3.946843e-08
5.665397718584821e-06	4.577637e-05	0.000000e+00	3.984314e-08
5.666397718584821e-06	4.577637e-05	0.000000e+00	3.833338e-08
5.667397718584821e-06	4.577637e-05	0.000000e+00	3.871173e-08
5.668397718584821e-06	4.577637e-05	0.000000e+00	3.723471e-08
5.669397718584821e-06	4.577637e-05	0.000000e+00	3.761670e-08
5.670397718584822e-06	4.577637e-05	0.000000e+00	3.616515e-08
5.671397718584821e-06	4.577637e-05	0.000000e+00	3.654714e-08
5.672397718584821e-06	4.577637e-05	0.000000e+00	3.512832e-08
5.673397718584821e-06	4.577637e-05	0.000000e+00	3.551395e-08
5.674397718584821e-06	4.577637e-05	0.000000e+00	3.412424e-08
5.675397718584822e-06	4.577637e-05	0.000000e+00	3.451350e-08
5.676397718584821e-06	4.577637e-05	0.000000e+00	3.314926e-08
5.677397718584821e-06	4.577637e-05	0.000000e+00	3.353853e-08
5.678397718584821e-06	4.577637e-05	0.000000e+00	3.220339e-08
5.679397718584821e-06	4.577637e-05	0.000000e+00	3.259265e-08
5.680397718584821e-06	4.577637e-05	0.000000e+00	3.127934e-08
5.681397718584821e-06	4.577637e-05	0.000000e+00	3.166861e-08
5.682397718584821e-06	4.577637e-05	0.000000e+00	3.038440e-08
5.683397718584821e-06	4.577637e-05	0.000000e+00	3.078094e-08
5.684397718584821e-06	4.577637e-05	0.000000e+00	2.952220e-08
5.685397718584821e-06	4.577637e-05	0.000000e+00	2.991146e-08
5.686397718584821e-06	4.577637e-05	0.000000e+00	2.867455e-08
5.687397718584822e-06	4.577637e-05	0.000000e+00	2.906745e-08
5.688397718584821e-06	4.577637e-05	0.000000e+00	2.785600e-08
5.689397718584821e-06	4.577637e-05	0.000000e+00	2.825254e-08
5.690397718584821e-06	4.577637e-05	0.000000e+00	2.707020e-08
5.691397718584821e-06	4.577637e-05	0.000000e+00	2.746310e-08
5.692397718584822e-06	4.577637e-05	0.000000e+00	2.629531e-08
5.693397718584821e-06	4.577637e-05	0.000000e+00	2.669185e-08
5.694397718584821e-06	4.577637e-05	0.000000e+00	2.554953e-08
5.695397718584821e-06	4.577637e-05	0.000000e+00	2.593879e-08
5.696397718584821e-06	4.577637e-05	0.000000e+00	2.481829e-08
5.697397718584821e-06	4.577637e-05	0.000000e+00	2.521119e-08
5.698397718584821e-06	4.577637e-05	0.000000e+00	2.411252e-08
5.699397718584822e-06	4.577637e-05	0.000000e+00	2.450543e-08
5.700397718584821e-06	4.577637e-05	0.000000e+00	2.342858e-08
5.701397718584821e-06	4.577637e-05	0.000000e+00	2.381785e-08
5.702397718584821e-06	4.577637e-05	0.000000e+00	2.275920e-08
5.703397718584821e-06	4.577637e-05	0.000000e+00	2.315210e-08
5.704397718584822e-06	4.577637e-05	0.000000e+00	2.211527e-08
5.705397718584821e-06	4.577637e-05	0.000000e+00	2.250454e-08
5.706397718584821e-06	4.577637e-05	0.000000e+00	2.148954e-08
5.707397718584821e-06	4.577637e-05	0.000000e+00	2.187880e-08
5.708397718584821e-06	4.577637e-05	0.000000e+00	2.088200e-08
5.709397718584822e-06	4.577637e-05	0.000000e+00	2.127126e-08
5.710397718584821e-06	4.577637e-05	0.000000e+00	2.028901e-08
5.711397718584822e-06	4.577637e-05	0.000000e+00	2.067100e-08
5.712397718584821e-06	4.577637e-05	0.000000e+00	1.971057e-08
5.713397718584821e-06	4.577637e-05	0.000000e+00	2.009619e-08
5.714397718584821e-06	4.577637e-05	0.000000e+00	1.915396e-08
5.715397718584821e-06	4.577637e-05	0.000000e+00	1.953595e-08
5.716397718584822e-06	4.577637e-05	0.000000e+00	1.860826e-08
5.717397718584821e-06	4.577637e-05	0.000000e+00	1.899025e-08
5.718397718584821e-06	4.577637e-05	0.000000e+00	1.808439e-08
5.719397718584821e-06	4.577637e-05	0.000000e+00	1.846274e-08
5.720397718584821e-06	4.577637e-05	0.000000e+00	1.757144e-08
5.721397718584822e-06	4.577637e-05	0.000000e+00	1.794979e-08
5.722397718584821e-06	4.577637e-05	0.000000e+00	1.707667e-08
5.723397718584821e-06	4.577637e-05	0.000000e+00	1.745502e-08
5.724397718584821e-06	4.577637e-05	0.000000e+00	1.659646e-08
5.725397718584821e-06	4.577637e-05	0.000000e+00	1.696753e-08
5.726397718584822e-06	4.577637e-05	0.000000e+00	1.612716e-08
5.727397718584821e-06	4.577637e-05	0.000000e+00	1.650187e-08
5.728397718584822e-06	4.577637e-05	0.000000e+00	1.567241e-08
5.729397718584821e-06	4.577637e-05	0.000000e+00	1.603985e-08
5.730397718584821e-06	4.577637e-05	0.000000e+00	1.522858e-08
5.731397718584821e-06	4.577637e-05	0.000000e+00	1.559602e-08
5.732397718584821e-06	4.577637e-05	0.000000e+00	1.480294e-08
5.733397718584822e-06	4.577637e-05	0.000000e+00	1.517037e-08
5.734397718584821e-06	4.577637e-05	0.000000e+00	1.438457e-08
5.735397718584821e-06	4.577637e-05	0.000000e+00	1.474473e-08
5.736397718584821e-06	4.577637e-05	0.000000e+00	1.397711e-08
5.737397718584821e-06	4.577637e-05	0.000000e+00	1.433727e-08
5.738397718584822e-06	4.577637e-05	0.000000e+00	1.358421e-08
5.739397718584821e-06	4.577637e-05	0.000000e+00	1.394437e-08
5.740397718584822e-06	4.577637e-05	0.000000e+00	1.320223e-08
5.741397718584821e-06	4.577637e-05	0.000000e+00	1.355511e-08
5.742397718584821e-06	4.577637e-05	0.000000e+00	1.283115e-08
5.743397718584822e-06	4.577637e-05	0.000000e+00	1.318767e-08
5.744397718584821e-06	4.577637e-05	0.000000e+00	1.247099e-08
5.745397718584822e-06	4.577637e-05	0.000000e+00	1.282024e-08
5.746397718584821e-06	4.577637e-05	0.000000e+00	1.212175e-08
5.747397718584821e-06	4.577637e-05	0.000000e+00	1.247099e-08
5.748397718584821e-06	4.577637e-05	0.000000e+00	1.178341e-08
5.749397718584821e-06	4.577637e-05	0.000000e+00	1.212902e-08
5.750397718584822e-06	4.577637e-05	0.000000e+00	1.145600e-08
5.751397718584821e-06	4.577637e-05	0.000000e+00	1.180160e-08
5.752397718584821e-06	4.577637e-05	0.000000e+00	1.113585e-08
5.753397718584821e-06	4.577637e-05	0.000000e+00	1.147419e-08
5.754397718584821e-06	4.577637e-05	0.000000e+00	1.082299e-08
5.755397718584822e-06	4.577637e-05	0.000000e+00	1.116132e-08
5.756397718584821e-06	4.577637e-05	0.000000e+00	1.052103e-08
5.757397718584822e-06	4.577637e-05	0.000000e+00	1.085573e-08
5.758397718584821e-06	4.577637e-05	0.000000e+00	1.023000e-08
5.759397718584821e-06	4.577637e-05	0.000000e+00	1.056469e-08
5.760397718584822e-06	4.577637e-05	0.000000e+00	9.946234e-09
5.761397718584821e-06	4.577637e-05	0.000000e+00	1.027365e-08
5.762397718584822e-06	4.577637e-05	0.000000e+00	9.666110e-09
5.763397718584821e-06	4.577637e-05	0.000000e+00	9.993528e-09
5.764397718584821e-06	4.577637e-05	0.000000e+00	9.396899e-09
5.765397718584821e-06	4.577637e-05	0.000000e+00	9.720679e-09
5.766397718584821e-06	4.577637e-05	0.000000e+00	9.134965e-09
5.767397718584822e-06	4.577637e-05	0.000000e+00	9.455107e-09
5.768397718584821e-06	4.577637e-05	0.000000e+00	8.880306e-09
5.769397718584822e-06	4.577637e-05	0.000000e+00	9.200448e-09
5.770397718584821e-06	4.577637e-05	0.000000e+00	8.636562e-09
5.771397718584821e-06	4.577637e-05	0.000000e+00	8.953066e-09
5.772397718584822e-06	4.577637e-05	0.000000e+00	8.400093e-09
5.773397718584821e-06	4.577637e-05	0.000000e+00	8.712959e-09
5.774397718584822e-06	4.577637e-05	0.000000e+00	8.167262e-09
5.775397718584821e-06	4.577637e-05	0.000000e+00	8.476491e-09
5.776397718584821e-06	4.577637e-05	0.000000e+00	7.938070e-09
5.777397718584822e-06	4.577637e-05	0.000000e+00	8.243660e-09
5.778397718584821e-06	4.577637e-05	0.000000e+00	7.719791e-09
5.779397718584822e-06	4.577637e-05	0.000000e+00	8.025381e-09
5.780397718584821e-06	4.577637e-05	0.000000e+00	7.505150e-09
5.781397718584821e-06	4.577637e-05	0.000000e+00	7.807103e-09
5.782397718584821e-06	4.577637e-05	0.000000e+00	7.301423e-09
5.783397718584821e-06	4.577637e-05	0.000000e+00	7.599738e-09
5.784397718584822e-06	4.577637e-05	0.000000e+00	7.101335e-09
5.785397718584821e-06	4.577637e-05	0.000000e+00	7.399649e-09
5.786397718584822e-06	4.577637e-05	0.000000e+00	6.908522e-09
5.787397718584821e-06	4.577637e-05	0.000000e+00	7.199560e-09
5.788397718584821e-06	4.577637e-05	0.000000e+00	6.715709e-09
5.789397718584822e-06	4.577637e-05	0.000000e+00	7.006747e-09
5.790397718584821e-06	4.577637e-05	0.000000e+00	6.533810e-09
5.791397718584822e-06	4.577637e-05	0.000000e+00	6.821210e-09
5.792397718584821e-06	4.577637e-05	0.000000e+00	6.355549e-09
5.793397718584821e-06	4.577637e-05	0.000000e+00	6.639311e-09
5.794397718584822e-06	4.577637e-05	0.000000e+00	6.177288e-09
5.795397718584821e-06	4.577637e-05	0.000000e+00	6.457412e-09
5.796397718584822e-06	4.577637e-05	0.000000e+00	6.009941e-09
5.797397718584821e-06	4.577637e-05	0.000000e+00	6.290065e-09
5.798397718584822e-06	4.577637e-05	0.000000e+00	5.846232e-09
5.799397718584822e-06	4.577637e-05	0.000000e+00	6.119080e-09
5.800397718584821e-06	4.577637e-05	0.000000e+00	5.682523e-09
5.801397718584822e-06	4.577637e-05	0.000000e+00	5.955371e-09
5.802397718584821e-06	4.577637e-05	0.000000e+00	5.526090e-09
5.803397718584822e-06	4.577637e-05	0.000000e+00	5.795300e-09
5.804397718584821e-06	4.577637e-05	0.000000e+00	5.376933e-09
5.805397718584821e-06	4.577637e-05	0.000000e+00	5.646143e-09
5.806397718584822e-06	4.577637e-05	0.000000e+00	5.231414e-09
5.807397718584821e-06	4.577637e-05	0.000000e+00	5.496986e-09
5.808397718584822e-06	4.577637e-05	0.000000e+00	5.093170e-09
5.809397718584821e-06	4.577637e-05	0.000000e+00	5.355105e-09
5.810397718584822e-06	4.577637e-05	0.000000e+00	4.951289e-09
5.811397718584822e-06	4.577637e-05	0.000000e+00	5.209586e-09
5.812397718584821e-06	4.577637e-05	0.000000e+00	4.820322e-09
5.813397718584822e-06	4.577637e-05	0.000000e+00	5.078618e-09
5.814397718584821e-06	4.577637e-05	0.000000e+00	4.692993e-09
5.815397718584822e-06	4.577637e-05	0.000000e+00	4.947651e-09
5.816397718584822e-06	4.577637e-05	0.000000e+00	4.565663e-09
5.817397718584821e-06	4.577637e-05	0.000000e+00	4.813046e-09
5.818397718584822e-06	4.577637e-05	0.000000e+00	4.438334e-09
5.819397718584821e-06	4.577637e-05	0.000000e+00	4.685717e-09
5.820397718584822e-06	4.577637e-05	0.000000e+00	4.318281e-09
5.821397718584821e-06	4.577637e-05	0.000000e+00	4.565663e-09
5.822397718584821e-06	4.577637e-05	0.000000e+00	4.205504e-09
5.823397718584822e-06	4.577637e-05	0.000000e+00	4.449248e-09
5.824397718584821e-06	4.577637e-05	0.000000e+00	4.096364e-09
5.825397718584822e-06	4.577637e-05	0.000000e+00	4.336471e-09
5.826397718584821e-06	4.577637e-05	0.000000e+00	3.983587e-09
5.827397718584822e-06	4.577637e-05	0.000000e+00	4.220055e-09
5.828397718584822e-06	4.577637e-05	0.000000e+00	3.878085e-09
5.829397718584821e-06	4.577637e-05	0.000000e+00	4.114554e-09
5.830397718584822e-06	4.577637e-05	0.000000e+00	3.776222e-09
5.831397718584821e-06	4.577637e-05	0.000000e+00	4.005415e-09
5.832397718584822e-06	4.577637e-05	0.000000e+00	3.670721e-09
5.833397718584822e-06	4.577637e-05	0.000000e+00	3.903551e-09
5.834397718584821e-06	4.577637e-05	0.000000e+00	3.579771e-09
5.835397718584822e-06	4.577637e-05	0.000000e+00	3.805326e-09
5.836397718584821e-06	4.577637e-05	0.000000e+00	3.481546e-09
5.837397718584822e-06	4.577637e-05	0.000000e+00	3.707100e-09
5.838397718584821e-06	4.577637e-05	0.000000e+00	3.390596e-09
5.839397718584822e-06	4.577637e-05	0.000000e+00	3.608875e-09
5.840397718584822e-06	4.577637e-05	0.000000e+00	3.296009e-09
5.841397718584821e-06	4.577637e-05	0.000000e+00	3.517926e-09
5.842397718584822e-06	4.577637e-05	0.000000e+00	3.212335e-09
5.843397718584821e-06	4.577637e-05	0.000000e+00	3.430614e-09
5.844397718584822e-06	4.577637e-05	0.000000e+00	3.132300e-09
5.845397718584822e-06	4.577637e-05	0.000000e+00	3.346941e-09
5.846397718584821e-06	4.577637e-05	0.000000e+00	3.048626e-09
5.847397718584822e-06	4.577637e-05	0.000000e+00	3.259629e-09
5.848397718584821e-06	4.577637e-05	0.000000e+00	2.968591e-09
5.849397718584822e-06	4.577637e-05	0.000000e+00	3.175955e-09
5.850397718584822e-06	4.577637e-05	0.000000e+00	2.884917e-09
5.851397718584821e-06	4.577637e-05	0.000000e+00	3.092282e-09
5.852397718584822e-06	4.577637e-05	0.000000e+00	2.812158e-09
5.853397718584821e-06	4.577637e-05	0.000000e+00	3.015884e-09
5.854397718584822e-06	4.577637e-05	0.000000e+00	2.735760e-09
5.855397718584821e-06	4.577637e-05	0.000000e+00	2.939487e-09
5.856397718584822e-06	4.577637e-05	0.000000e+00	2.670276e-09
5.857397718584822e-06	4.577637e-05	0.000000e+00	2.870365e-09
5.858397718584821e-06	4.577637e-05	0.000000e+00	2.597517e-09
5.859397718584822e-06	4.577637e-05	0.000000e+00	2.793968e-09
5.860397718584821e-06	4.577637e-05	0.000000e+00	2.532033e-09
5.861397718584822e-06	4.577637e-05	0.000000e+00	2.728484e-09
5.862397718584822e-06	4.577637e-05	0.000000e+00	2.466550e-09
5.863397718584821e-06	4.577637e-05	0.000000e+00	2.659363e-09
5.864397718584822e-06	4.577637e-05	0.000000e+00	2.401066e-09
5.865397718584821e-06	4.577637e-05	0.000000e+00	2.590241e-09
5.866397718584822e-06	4.577637e-05	0.000000e+00	2.339220e-09
5.867397718584822e-06	4.577637e-05	0.000000e+00	2.528395e-09
5.868397718584822e-06	4.577637e-05	0.000000e+00	2.281013e-09
5.869397718584822e-06	4.577637e-05	0.000000e+00	2.466550e-09
5.870397718584821e-06	4.577637e-05	0.000000e+00	2.222805e-09
5.871397718584822e-06	4.577637e-05	0.000000e+00	2.408342e-09
5.872397718584821e-06	4.577637e-05	0.000000e+00	2.164597e-09
5.873397718584822e-06	4.577637e-05	0.000000e+00	2.346496e-09
5.874397718584822e-06	4.577637e-05	0.000000e+00	2.113666e-09
5.875397718584821e-06	4.577637e-05	0.000000e+00	2.291927e-09
5.876397718584822e-06	4.577637e-05	0.000000e+00	2.059096e-09
5.877397718584821e-06	4.577637e-05	0.000000e+00	2.240995e-09
5.878397718584822e-06	4.577637e-05	0.000000e+00	2.011802e-09
5.879397718584822e-06	4.577637e-05	0.000000e+00	2.182787e-09
5.880397718584821e-06	4.577637e-05	0.000000e+00	1.953595e-09
5.881397718584822e-06	4.577637e-05	0.000000e+00	2.128218e-09
5.882397718584821e-06	4.577637e-05	0.000000e+00	1.909939e-09
5.883397718584822e-06	4.577637e-05	0.000000e+00	2.080924e-09
5.884397718584822e-06	4.577637e-05	0.000000e+00	1.859007e-09
5.885397718584822e-06	4.577637e-05	0.000000e+00	2.026354e-09
5.886397718584822e-06	4.577637e-05	0.000000e+00	1.811713e-09
5.887397718584821e-06	4.577637e-05	0.000000e+00	1.979060e-09
5.888397718584822e-06	4.577637e-05	0.000000e+00	1.768058e-09
5.889397718584821e-06	4.577637e-05	0.000000e+00	1.935405e-09
5.890397718584822e-06	4.577637e-05	0.000000e+00	1.728040e-09
5.891397718584822e-06	4.577637e-05	0.000000e+00	1.891749e-09
5.892397718584821e-06	4.577637e-05	0.000000e+00	1.684384e-09
5.893397718584822e-06	4.577637e-05	0.000000e+00	1.840817e-09
5.894397718584821e-06	4.577637e-05	0.000000e+00	1.637090e-09
5.895397718584822e-06	4.577637e-05	0.000000e+00	1.797162e-09
5.896397718584822e-06	4.577637e-05	0.000000e+00	1.600711e-09
5.897397718584822e-06	4.577637e-05	0.000000e+00	1.760782e-09
5.898397718584822e-06	4.577637e-05	0.000000e+00	1.564331e-09
5.899397718584821e-06	4.577637e-05	0.000000e+00	1.717126e-09
5.900397718584822e-06	4.577637e-05	0.000000e+00	1.520675e-09
5.901397718584822e-06	4.577637e-05	0.000000e+00	1.673470e-09
5.902397718584822e-06	4.577637e-05	0.000000e+00	1.487933e-09
5.903397718584822e-06	4.577637e-05	0.000000e+00	1.640728e-09
5.904397718584821e-06	4.577637e-05	0.000000e+00	1.451554e-09
5.905397718584822e-06	4.577637e-05	0.000000e+00	1.600711e-09
5.906397718584821e-06	4.577637e-05	0.000000e+00	1.415174e-09
5.907397718584822e-06	4.577637e-05	0.000000e+00	1.560693e-09
5.908397718584822e-06	4.577637e-05	0.000000e+00	1.378794e-09
5.909397718584821e-06	4.577637e-05	0.000000e+00	1.527951e-09
5.910397718584822e-06	4.577637e-05	0.000000e+00	1.353328e-09
5.911397718584821e-06	4.577637e-05	0.000000e+00	1.495209e-09
5.912397718584822e-06	4.577637e-05	0.000000e+00	1.313310e-09
5.913397718584822e-06	4.577637e-05	0.000000e+00	1.455192e-09
5.914397718584822e-06	4.577637e-05	0.000000e+00	1.284207e-09
5.915397718584822e-06	4.577637e-05	0.000000e+00	1.422450e-09
5.916397718584821e-06	4.577637e-05	0.000000e+00	1.251465e-09
5.917397718584822e-06	4.577637e-05	0.000000e+00	1.393346e-09
5.918397718584822e-06	4.577637e-05	0.000000e+00	1.225999e-09
5.919397718584822e-06	4.577637e-05	0.000000e+00	1.364242e-09
5.920397718584822e-06	4.577637e-05	0.000000e+00	1.200533e-09
5.921397718584821e-06	4.577637e-05	0.000000e+00	1.335138e-09
5.922397718584822e-06	4.577637e-05	0.000000e+00	1.171429e-09
5.923397718584821e-06	4.577637e-05	0.000000e+00	1.306034e-09
5.924397718584822e-06	4.577637e-05	0.000000e+00	1.145963e-09
5.925397718584822e-06	4.577637e-05	0.000000e+00	1.276931e-09
5.926397718584822e-06	4.577637e-05	0.000000e+00	1.116859e-09
5.927397718584822e-06	4.577637e-05	0.000000e+00	1.247827e-09
5.928397718584821e-06	4.577637e-05	0.000000e+00	1.095032e-09
5.929397718584822e-06	4.577637e-05	0.000000e+00	1.222361e-09
5.930397718584822e-06	4.577637e-05	0.000000e+00	1.065928e-09
5.931397718584822e-06	4.577637e-05	0.000000e+00	1.193257e-09
5.932397718584822e-06	4.577637e-05	0.000000e+00	1.040462e-09
5.933397718584821e-06	4.577637e-05	0.000000e+00	1.164153e-09
5.934397718584822e-06	4.577637e-05	0.000000e+00	1.014996e-09
5.935397718584822e-06	4.577637e-05	0.000000e+00	1.138687e-09
5.936397718584822e-06	4.577637e-05	0.000000e+00	9.931682e-10
5.937397718584822e-06	4.577637e-05	0.000000e+00	1.116859e-09
5.938397718584821e-06	4.577637e-05	0.000000e+00	9.713403e-10
5.939397718584822e-06	4.577637e-05	0.000000e+00	1.091394e-09
5.940397718584822e-06	4.577637e-05	0.000000e+00	9.495125e-10
5.941397718584822e-06	4.577637e-05	0.000000e+00	1.069566e-09
5.942397718584822e-06	4.577637e-05	0.000000e+00	9.313226e-10
5.943397718584822e-06	4.577637e-05	0.000000e+00	1.051376e-09
5.944397718584822e-06	4.577637e-05	0.000000e+00	9.131327e-10
5.945397718584821e-06	4.577637e-05	0.000000e+00	1.025910e-09
5.946397718584822e-06	4.577637e-05	0.000000e+00	8.876668e-10
5.947397718584822e-06	4.577637e-05	0.000000e+00	1.004082e-09
5.948397718584822e-06	4.577637e-05	0.000000e+00	8.694769e-10
5.949397718584822e-06	4.577637e-05	0.000000e+00	9.822543e-10
5.950397718584821e-06	4.577637e-05	0.000000e+00	8.512870e-10
5.951397718584822e-06	4.577637e-05	0.000000e+00	9.640644e-10
5.952397718584822e-06	4.577637e-05	0.000000e+00	8.330971e-10
5.953397718584822e-06	4.577637e-05	0.000000e+00	9.422365e-10
5.954397718584822e-06	4.577637e-05	0.000000e+00	8.112693e-10
5.955397718584822e-06	4.577637e-05	0.000000e+00	9.204086e-10
5.956397718584822e-06	4.577637e-05	0.000000e+00	7.967174e-10
5.957397718584822e-06	4.577637e-05	0.000000e+00	9.058567e-10
5.958397718584822e-06	4.577637e-05	0.000000e+00	7.821654e-10
5.959397718584822e-06	4.577637e-05	0.000000e+00	8.876668e-10
5.960397718584822e-06	4.577637e-05	0.000000e+00	7.639755e-10
5.961397718584822e-06	4.577637e-05	0.000000e+00	8.694769e-10
5.962397718584821e-06	4.577637e-05	0.000000e+00	7.457857e-10
5.963397718584822e-06	4.577637e-05	0.000000e+00	8.476491e-10
5.964397718584822e-06	4.577637e-05	0.000000e+00	7.275958e-10
5.965397718584822e-06	4.577637e-05	0.000000e+00	8.294592e-10
5.966397718584822e-06	4.577637e-05	0.000000e+00	7.130438e-10
5.967397718584822e-06	4.577637e-05	0.000000e+00	8.149073e-10
5.968397718584822e-06	4.577637e-05	0.000000e+00	6.984919e-10
5.969397718584822e-06	4.577637e-05	0.000000e+00	8.003553e-10
5.970397718584822e-06	4.577637e-05	0.000000e+00	6.912160e-10
5.971397718584822e-06	4.577637e-05	0.000000e+00	7.894414e-10
5.972397718584822e-06	4.577637e-05	0.000000e+00	6.730261e-10
5.973397718584822e-06	4.577637e-05	0.000000e+00	7.712515e-10
5.974397718584822e-06	4.577637e-05	0.000000e+00	6.621121e-10
5.975397718584822e-06	4.577637e-05	0.000000e+00	7.603376e-10
5.976397718584822e-06	4.577637e-05	0.000000e+00	1.912887e-09
5.977366840427269e-06	4.577637e-05	0.000000e+00	-7.642741e-09
5.978171041053252e-06	4.577637e-05	0.000000e+00	2.542135e-08
5.978703945197915e-06	4.577637e-05	0.000000e+00	-3.938611e-08
5.979049095875881e-06	4.577637e-05	0.000000e+00	5.818784e-08
5.979276076318188e-06	4.577637e-05	0.000000e+00	-8.508156e-08
5.979426588622281e-06	4.577637e-05	0.000000e+00	1.167696e-07
5.979528301282890e-06	4.577637e-05	0.000000e+00	-1.565365e-07
5.979598791595135e-06	4.577637e-05	0.000000e+00	1.932813e-07
5.979648917298859e-06	4.577637e-05	0.000000e+00	-2.125004e-07
5.979686558528856e-06	4.577637e-05	0.000000e+00	1.866482e-07
5.979716746822167e-06	4.577637e-05	0.000000e+00	-1.244768e-07
5.979743115239018e-06	4.577637e-05	0.000000e+00	-5.431807e-08
5.979770043807127e-06	4.577637e-05	0.000000e+00	-4.551413e-08
5.979795469036029e-06	4.577637e-05	0.000000e+00	-1.322983e-07
5.979823773710206e-06	4.577637e-05	0.000000e+00	1.072135e-07
5.979855515048403e-06	4.577637e-05	0.000000e+00	-1.522513e-07
5.979893727064461e-06	4.577637e-05	0.000000e+00	1.482085e-07
5.979943051711883e-06	4.577637e-05	0.000000e+00	-1.758349e-07
5.980016323034960e-06	4.577637e-05	0.000000e+00	1.343322e-07
5.980140740444518e-06	4.577637e-05	0.000000e+00	-1.051450e-07
5.980385970523733e-06	4.577637e-05	0.000000e+00	4.530981e-08
5.980876430682166e-06	4.577637e-05	0.000000e+00	-2.839564e-08
5.981857350999030e-06	4.577637e-05	0.000000e+00	7.370771e-10
5.982857350999029e-06	4.577637e-05	0.000000e+00	2.237357e-09
5.984857350999029e-06	4.577637e-05	0.000000e+00	3.190507e-09
5.987143065284743e-06	4.577637e-05	0.000000e+00	1.836153e-09
5.989428779570458e-06	4.577637e-05	0.000000e+00	7.787224e-10
5.991714493856172e-06	4.577637e-05	0.000000e+00	1.821592e-11
5.994000208141887e-06	4.577637e-05	0.000000e+00	-4.453665e-10
5.996285922427601e-06	4.577637e-05	0.000000e+00	-6.120249e-10
5.998571636713316e-06	4.577637e-05	0.000000e+00	-4.817593e-10
6.000857350999030e-06	4.577637e-05	0.000000e+00	-5.456968e-11
6.041857350999030e-06	4.577637e-05	0.000000e+00	1.346052e-10
7.065857350999032e-06	4.577637e-05	0.000000e+00	6.548362e-11
8.089857350999035e-06	4.577637e-05	0.000000e+00	3.637979e-11
9.113857350999037e-06	4.577637e-05	0.000000e+00	1.909939e-11
9.998857350999040e-06	4.577637e-05	0.000000e+00	1.000444e-11
9.999857350999038e-06	4.577637e-05	0.000000e+00	-3.985548e-08
1.000000000000000e-05	4.577637e-05	0.000000e+00	-4.648973e-08
