time	V(N025,Vo_led6)	V(Vcc_led,Vi_led6)	I(D12)
0.000000000000000e+00	4.196167e-05	0.000000e+00	-4.167732e-15
1.020500000000002e-06	4.196167e-05	0.000000e+00	8.949601e-15
2.044500000000005e-06	4.196167e-05	0.000000e+00	9.372149e-15
3.068500000000007e-06	4.196167e-05	0.000000e+00	4.842233e-15
4.092500000000010e-06	4.196167e-05	0.000000e+00	2.624521e-17
5.010000000000000e-06	4.196167e-05	0.000000e+00	7.327472e-15
5.010029196113218e-06	4.196167e-05	0.000000e+00	-3.924407e-06
5.010087588339652e-06	3.814697e-05	0.000000e+00	-1.518405e-05
5.010182098163936e-06	2.670288e-05	0.000000e+00	-4.323645e-05
5.010287067965390e-06	7.629395e-06	0.000000e+00	-8.822857e-05
5.010412755503510e-06	-1.525879e-05	0.000000e+00	-1.610313e-04
5.010599943813268e-06	-7.247925e-05	-3.814697e-06	-2.995470e-04
5.010879013454971e-06	-1.792908e-04	-7.629395e-06	-5.493803e-04
5.011252931890954e-06	-3.700256e-04	-1.907349e-05	-9.272036e-04
5.011831698927082e-06	-7.171631e-04	-4.959106e-05	-1.525318e-03
5.012488630729648e-06	-1.163483e-03	-9.155273e-05	-2.122879e-03
5.013488630729649e-06	-1.888275e-03	-1.640320e-04	-2.789475e-03
5.014488630729648e-06	-2.613068e-03	-2.403259e-04	-3.182990e-03
5.015200000000000e-06	-3.108978e-03	-2.899170e-04	-3.301882e-03
5.015608047808665e-06	6.721268e-01	7.549286e-03	1.943309e+00
5.015785805094367e-06	1.919878e+00	3.141403e-02	5.422365e+00
5.015947924989025e-06	3.525436e+00	8.154297e-02	9.678064e+00
5.016047052188142e-06	4.281837e+00	1.255188e-01	1.149569e+01
5.016200000000000e-06	5.201484e+00	2.036095e-01	1.353023e+01
5.016215294781186e-06	5.257216e+00	2.121201e-01	1.362741e+01
5.016245884343558e-06	5.364047e+00	2.292175e-01	1.381102e+01
5.016307063468301e-06	5.552407e+00	2.635841e-01	1.411289e+01
5.016429421717787e-06	5.862628e+00	3.324051e-01	1.454099e+01
5.016491333272121e-06	5.979946e+00	3.670235e-01	1.465028e+01
5.016534061227018e-06	6.033968e+00	3.906975e-01	1.465096e+01
5.016536532710290e-06	6.035809e+00	3.920555e-01	1.464733e+01
5.016541475676834e-06	6.037902e+00	3.947525e-01	1.463548e+01
5.016551361609922e-06	6.041130e+00	4.001236e-01	1.460912e+01
5.016571133476097e-06	6.045280e+00	4.107590e-01	1.455059e+01
5.016608576702134e-06	6.049551e+00	4.305077e-01	1.443282e+01
5.016678781771478e-06	6.054588e+00	4.663162e-01	1.421447e+01
5.016785851089577e-06	6.063026e+00	5.180130e-01	1.390853e+01
5.016962062991856e-06	6.080776e+00	5.969162e-01	1.346376e+01
5.017152757579087e-06	6.102698e+00	6.748009e-01	1.304094e+01
5.017351734394088e-06	6.128823e+00	7.486916e-01	1.265397e+01
5.017477931393865e-06	6.151358e+00	7.915230e-01	1.244834e+01
5.017634431050820e-06	6.187272e+00	8.407249e-01	1.223717e+01
5.017741819008076e-06	6.213598e+00	8.723297e-01	1.210753e+01
5.017887535279263e-06	6.248449e+00	9.117355e-01	1.194452e+01
5.018178967821638e-06	6.310210e+00	9.819717e-01	1.163103e+01
5.018583360009725e-06	6.369189e+00	1.065769e+00	1.117554e+01
5.018900811921984e-06	6.384983e+00	1.119766e+00	1.079850e+01
5.019242323593289e-06	6.381395e+00	1.166435e+00	1.045124e+01
5.019546672197685e-06	6.375496e+00	1.200699e+00	1.026531e+01
5.019873925489750e-06	6.369129e+00	1.231373e+00	1.018389e+01
5.020488267404584e-06	6.357583e+00	1.279816e+00	1.013083e+01
5.021121767870190e-06	6.347194e+00	1.320335e+00	1.009918e+01
5.022121767870190e-06	6.333646e+00	1.369251e+00	1.005952e+01
5.023121767870190e-06	6.322879e+00	1.405376e+00	1.002768e+01
5.024121767870190e-06	6.314591e+00	1.430885e+00	1.000322e+01
5.025121767870190e-06	6.308216e+00	1.448830e+00	9.984388e+00
5.026121767870190e-06	6.303298e+00	1.461391e+00	9.969870e+00
5.027121767870190e-06	6.299497e+00	1.470139e+00	9.958646e+00
5.028121767870190e-06	6.296550e+00	1.476192e+00	9.949943e+00
5.029121767870190e-06	6.294259e+00	1.480347e+00	9.943178e+00
5.030121767870190e-06	6.292473e+00	1.483173e+00	9.937902e+00
5.031121767870190e-06	6.291078e+00	1.485069e+00	9.933784e+00
5.032121767870190e-06	6.289986e+00	1.486320e+00	9.930558e+00
5.033121767870190e-06	6.289130e+00	1.487129e+00	9.928032e+00
5.034121767870190e-06	6.288459e+00	1.487637e+00	9.926052e+00
5.035121767870190e-06	6.287934e+00	1.487938e+00	9.924500e+00
5.036121767870190e-06	6.287523e+00	1.488110e+00	9.923285e+00
5.037121767870190e-06	6.287201e+00	1.488190e+00	9.922337e+00
5.038121767870190e-06	6.286951e+00	1.488220e+00	9.921598e+00
5.039121767870190e-06	6.286758e+00	1.488213e+00	9.921027e+00
5.040121767870190e-06	6.286609e+00	1.488190e+00	9.920588e+00
5.041121767870190e-06	6.286495e+00	1.488155e+00	9.920253e+00
5.042121767870190e-06	6.286410e+00	1.488121e+00	9.920001e+00
5.043121767870190e-06	6.286347e+00	1.488083e+00	9.919815e+00
5.044121767870190e-06	6.286302e+00	1.488052e+00	9.919682e+00
5.045121767870190e-06	6.286270e+00	1.488022e+00	9.919588e+00
5.046121767870190e-06	6.286250e+00	1.487999e+00	9.919528e+00
5.047121767870190e-06	6.286238e+00	1.487980e+00	9.919493e+00
5.048121767870190e-06	6.286233e+00	1.487965e+00	9.919477e+00
5.049121767870190e-06	6.286232e+00	1.487953e+00	9.919476e+00
5.050121767870190e-06	6.286235e+00	1.487946e+00	9.919485e+00
5.051121767870190e-06	6.286242e+00	1.487938e+00	9.919504e+00
5.052121767870190e-06	6.286250e+00	1.487938e+00	9.919529e+00
5.053121767870190e-06	6.286260e+00	1.487934e+00	9.919559e+00
5.054121767870190e-06	6.286271e+00	1.487934e+00	9.919591e+00
5.055121767870190e-06	6.286283e+00	1.487938e+00	9.919625e+00
5.056121767870190e-06	6.286294e+00	1.487938e+00	9.919660e+00
5.057121767870190e-06	6.286306e+00	1.487942e+00	9.919695e+00
5.058121767870190e-06	6.286318e+00	1.487946e+00	9.919729e+00
5.059121767870190e-06	6.286330e+00	1.487949e+00	9.919764e+00
5.060121767870190e-06	6.286341e+00	1.487953e+00	9.919796e+00
5.061121767870190e-06	6.286351e+00	1.487961e+00	9.919827e+00
5.062121767870190e-06	6.286362e+00	1.487965e+00	9.919858e+00
5.063121767870190e-06	6.286371e+00	1.487968e+00	9.919887e+00
5.064121767870190e-06	6.286381e+00	1.487972e+00	9.919914e+00
5.065121767870190e-06	6.286389e+00	1.487976e+00	9.919940e+00
5.066121767870190e-06	6.286397e+00	1.487980e+00	9.919964e+00
5.067121767870190e-06	6.286405e+00	1.487984e+00	9.919987e+00
5.068121767870191e-06	6.286412e+00	1.487988e+00	9.920008e+00
5.069121767870190e-06	6.286419e+00	1.487991e+00	9.920028e+00
5.070121767870190e-06	6.286425e+00	1.487995e+00	9.920046e+00
5.071121767870190e-06	6.286431e+00	1.487999e+00	9.920064e+00
5.072121767870190e-06	6.286437e+00	1.488003e+00	9.920080e+00
5.073121767870190e-06	6.286442e+00	1.488007e+00	9.920094e+00
5.074121767870190e-06	6.286446e+00	1.488007e+00	9.920109e+00
5.075121767870190e-06	6.286451e+00	1.488010e+00	9.920121e+00
5.076121767870190e-06	6.286454e+00	1.488014e+00	9.920133e+00
5.077121767870190e-06	6.286458e+00	1.488014e+00	9.920143e+00
5.078121767870190e-06	6.286462e+00	1.488018e+00	9.920154e+00
5.079121767870190e-06	6.286464e+00	1.488018e+00	9.920163e+00
5.080121767870190e-06	6.286467e+00	1.488022e+00	9.920172e+00
5.081121767870190e-06	6.286470e+00	1.488022e+00	9.920179e+00
5.082121767870190e-06	6.286473e+00	1.488022e+00	9.920187e+00
5.083121767870190e-06	6.286475e+00	1.488026e+00	9.920194e+00
5.084121767870190e-06	6.286477e+00	1.488026e+00	9.920200e+00
5.085121767870191e-06	6.286479e+00	1.488026e+00	9.920206e+00
5.086121767870190e-06	6.286481e+00	1.488029e+00	9.920211e+00
5.087121767870190e-06	6.286483e+00	1.488029e+00	9.920216e+00
5.088121767870190e-06	6.286484e+00	1.488029e+00	9.920220e+00
5.089121767870190e-06	6.286486e+00	1.488029e+00	9.920224e+00
5.090121767870190e-06	6.286487e+00	1.488033e+00	9.920228e+00
5.091121767870190e-06	6.286488e+00	1.488033e+00	9.920232e+00
5.092121767870190e-06	6.286489e+00	1.488033e+00	9.920235e+00
5.093121767870190e-06	6.286490e+00	1.488033e+00	9.920238e+00
5.094121767870190e-06	6.286491e+00	1.488033e+00	9.920240e+00
5.095121767870190e-06	6.286492e+00	1.488033e+00	9.920243e+00
5.096121767870190e-06	6.286492e+00	1.488037e+00	9.920245e+00
5.097121767870191e-06	6.286493e+00	1.488037e+00	9.920248e+00
5.098121767870190e-06	6.286494e+00	1.488037e+00	9.920249e+00
5.099121767870190e-06	6.286494e+00	1.488037e+00	9.920251e+00
5.100121767870190e-06	6.286495e+00	1.488037e+00	9.920253e+00
5.101121767870190e-06	6.286496e+00	1.488037e+00	9.920255e+00
5.102121767870191e-06	6.286496e+00	1.488037e+00	9.920256e+00
5.103121767870190e-06	6.286496e+00	1.488037e+00	9.920258e+00
5.104121767870190e-06	6.286497e+00	1.488037e+00	9.920258e+00
5.105121767870190e-06	6.286497e+00	1.488037e+00	9.920259e+00
5.106121767870190e-06	6.286497e+00	1.488037e+00	9.920259e+00
5.107121767870190e-06	6.286498e+00	1.488037e+00	9.920261e+00
5.108121767870190e-06	6.286498e+00	1.488037e+00	9.920261e+00
5.109121767870191e-06	6.286498e+00	1.488037e+00	9.920262e+00
5.110121767870190e-06	6.286499e+00	1.488041e+00	9.920263e+00
5.111121767870190e-06	6.286499e+00	1.488041e+00	9.920263e+00
5.112121767870190e-06	6.286499e+00	1.488041e+00	9.920265e+00
5.113121767870190e-06	6.286499e+00	1.488041e+00	9.920265e+00
5.114121767870191e-06	6.286500e+00	1.488041e+00	9.920266e+00
5.115121767870190e-06	6.286500e+00	1.488041e+00	9.920266e+00
5.116121767870190e-06	6.286500e+00	1.488041e+00	9.920267e+00
5.117121767870190e-06	6.286500e+00	1.488041e+00	9.920267e+00
5.118121767870190e-06	6.286500e+00	1.488041e+00	9.920267e+00
5.119121767870191e-06	6.286500e+00	1.488041e+00	9.920268e+00
5.120121767870190e-06	6.286500e+00	1.488041e+00	9.920268e+00
5.121121767870190e-06	6.286501e+00	1.488041e+00	9.920268e+00
5.122121767870190e-06	6.286501e+00	1.488041e+00	9.920268e+00
5.123121767870190e-06	6.286501e+00	1.488041e+00	9.920269e+00
5.124121767870190e-06	6.286501e+00	1.488041e+00	9.920269e+00
5.125121767870190e-06	6.286501e+00	1.488041e+00	9.920269e+00
5.126121767870191e-06	6.286501e+00	1.488041e+00	9.920269e+00
5.127121767870190e-06	6.286501e+00	1.488041e+00	9.920269e+00
5.128121767870190e-06	6.286501e+00	1.488041e+00	9.920269e+00
5.129121767870190e-06	6.286501e+00	1.488041e+00	9.920269e+00
5.130121767870190e-06	6.286501e+00	1.488041e+00	9.920270e+00
5.131121767870191e-06	6.286501e+00	1.488041e+00	9.920270e+00
5.132121767870190e-06	6.286501e+00	1.488041e+00	9.920271e+00
5.133121767870190e-06	6.286501e+00	1.488041e+00	9.920271e+00
5.134121767870190e-06	6.286501e+00	1.488041e+00	9.920271e+00
5.135121767870190e-06	6.286501e+00	1.488041e+00	9.920271e+00
5.136121767870191e-06	6.286501e+00	1.488041e+00	9.920271e+00
5.137121767870190e-06	6.286501e+00	1.488041e+00	9.920271e+00
5.138121767870191e-06	6.286501e+00	1.488041e+00	9.920271e+00
5.139121767870190e-06	6.286501e+00	1.488041e+00	9.920271e+00
5.140121767870190e-06	6.286501e+00	1.488041e+00	9.920271e+00
5.141121767870190e-06	6.286501e+00	1.488041e+00	9.920271e+00
5.142121767870190e-06	6.286502e+00	1.488041e+00	9.920271e+00
5.143121767870191e-06	6.286502e+00	1.488041e+00	9.920271e+00
5.144121767870190e-06	6.286501e+00	1.488041e+00	9.920271e+00
5.145121767870190e-06	6.286501e+00	1.488041e+00	9.920271e+00
5.146121767870190e-06	6.286501e+00	1.488041e+00	9.920271e+00
5.147121767870190e-06	6.286501e+00	1.488041e+00	9.920271e+00
5.148121767870191e-06	6.286501e+00	1.488041e+00	9.920271e+00
5.149121767870190e-06	6.286501e+00	1.488041e+00	9.920271e+00
5.150121767870190e-06	6.286501e+00	1.488041e+00	9.920271e+00
5.151121767870190e-06	6.286501e+00	1.488041e+00	9.920271e+00
5.152121767870190e-06	6.286501e+00	1.488041e+00	9.920271e+00
5.153121767870191e-06	6.286501e+00	1.488041e+00	9.920271e+00
5.154121767870190e-06	6.286501e+00	1.488041e+00	9.920271e+00
5.155121767870191e-06	6.286501e+00	1.488041e+00	9.920271e+00
5.156121767870190e-06	6.286501e+00	1.488041e+00	9.920271e+00
5.157121767870190e-06	6.286501e+00	1.488041e+00	9.920271e+00
5.158121767870190e-06	6.286501e+00	1.488041e+00	9.920271e+00
5.159121767870190e-06	6.286501e+00	1.488041e+00	9.920271e+00
5.160121767870191e-06	6.286502e+00	1.488041e+00	9.920271e+00
5.161121767870190e-06	6.286502e+00	1.488041e+00	9.920271e+00
5.162121767870190e-06	6.286502e+00	1.488041e+00	9.920271e+00
5.163121767870190e-06	6.286502e+00	1.488041e+00	9.920271e+00
5.164121767870190e-06	6.286502e+00	1.488041e+00	9.920271e+00
5.165121767870191e-06	6.286502e+00	1.488041e+00	9.920271e+00
5.166121767870190e-06	6.286502e+00	1.488041e+00	9.920271e+00
5.167121767870191e-06	6.286502e+00	1.488041e+00	9.920271e+00
5.168121767870190e-06	6.286502e+00	1.488041e+00	9.920271e+00
5.169121767870190e-06	6.286502e+00	1.488041e+00	9.920271e+00
5.170121767870191e-06	6.286501e+00	1.488041e+00	9.920271e+00
5.171121767870190e-06	6.286501e+00	1.488041e+00	9.920271e+00
5.172121767870191e-06	6.286502e+00	1.488041e+00	9.920271e+00
5.173121767870190e-06	6.286502e+00	1.488041e+00	9.920271e+00
5.174121767870190e-06	6.286502e+00	1.488041e+00	9.920271e+00
5.175121767870190e-06	6.286502e+00	1.488041e+00	9.920271e+00
5.176121767870190e-06	6.286502e+00	1.488041e+00	9.920271e+00
5.177121767870191e-06	6.286502e+00	1.488041e+00	9.920271e+00
5.178121767870190e-06	6.286501e+00	1.488041e+00	9.920271e+00
5.179121767870190e-06	6.286501e+00	1.488041e+00	9.920271e+00
5.180121767870190e-06	6.286501e+00	1.488041e+00	9.920271e+00
5.181121767870190e-06	6.286501e+00	1.488041e+00	9.920271e+00
5.182121767870191e-06	6.286502e+00	1.488041e+00	9.920271e+00
5.183121767870190e-06	6.286502e+00	1.488041e+00	9.920271e+00
5.184121767870191e-06	6.286502e+00	1.488041e+00	9.920271e+00
5.185121767870190e-06	6.286502e+00	1.488041e+00	9.920271e+00
5.186121767870190e-06	6.286502e+00	1.488041e+00	9.920271e+00
5.187121767870191e-06	6.286502e+00	1.488041e+00	9.920271e+00
5.188121767870190e-06	6.286501e+00	1.488041e+00	9.920271e+00
5.189121767870191e-06	6.286501e+00	1.488041e+00	9.920271e+00
5.190121767870190e-06	6.286501e+00	1.488041e+00	9.920271e+00
5.192121767870191e-06	6.286502e+00	1.488041e+00	9.920271e+00
5.194121767870191e-06	6.286502e+00	1.488041e+00	9.920271e+00
5.196121767870191e-06	6.286501e+00	1.488041e+00	9.920271e+00
5.198121767870190e-06	6.286501e+00	1.488041e+00	9.920271e+00
5.200121767870190e-06	6.286501e+00	1.488041e+00	9.920271e+00
5.202121767870190e-06	6.286502e+00	1.488041e+00	9.920271e+00
5.204121767870191e-06	6.286502e+00	1.488041e+00	9.920271e+00
5.206121767870191e-06	6.286501e+00	1.488041e+00	9.920271e+00
5.208121767870191e-06	6.286501e+00	1.488041e+00	9.920271e+00
5.211121767870191e-06	6.286502e+00	1.488041e+00	9.920271e+00
5.214121767870190e-06	6.286502e+00	1.488041e+00	9.920271e+00
5.215121767870190e-06	6.286501e+00	1.488041e+00	9.920271e+00
5.215200000000000e-06	6.286502e+00	1.488041e+00	9.920271e+00
5.215356464259619e-06	6.286501e+00	1.488041e+00	9.920271e+00
5.215669392778858e-06	6.286501e+00	1.488041e+00	9.920271e+00
5.216200000000000e-06	6.286499e+00	1.488041e+00	9.920264e+00
5.216253060722114e-06	6.286551e+00	1.488041e+00	9.920420e+00
5.216359182166343e-06	6.286664e+00	1.488041e+00	9.920759e+00
5.216571425054800e-06	6.286903e+00	1.488052e+00	9.921471e+00
5.216995910831714e-06	6.287363e+00	1.488091e+00	9.922833e+00
5.217844882385543e-06	6.288204e+00	1.488220e+00	9.925318e+00
5.218844882385542e-06	6.289079e+00	1.488426e+00	9.927900e+00
5.219844882385543e-06	6.289822e+00	1.488670e+00	9.930095e+00
5.220844882385542e-06	6.290429e+00	1.488930e+00	9.931888e+00
5.221844882385543e-06	6.290922e+00	1.489185e+00	9.933345e+00
5.222100000000000e-06	6.291021e+00	1.489246e+00	9.933638e+00
5.222610235228915e-06	6.291171e+00	1.489365e+00	9.934078e+00
5.223100000000000e-06	6.291286e+00	1.489475e+00	9.934418e+00
5.223148976477109e-06	6.291247e+00	1.489483e+00	9.934301e+00
5.223246929431326e-06	6.291157e+00	1.489502e+00	9.934031e+00
5.223442835339760e-06	6.290956e+00	1.489532e+00	9.933431e+00
5.223834647156627e-06	6.290540e+00	1.489567e+00	9.932198e+00
5.224618270790363e-06	6.289685e+00	1.489567e+00	9.929671e+00
5.225618270790364e-06	6.288531e+00	1.489464e+00	9.926262e+00
5.226618270790364e-06	6.287251e+00	1.489250e+00	9.922480e+00
5.227618270790363e-06	6.285751e+00	1.488930e+00	9.918036e+00
5.228618270790364e-06	6.283857e+00	1.488499e+00	9.912427e+00
5.229618270790363e-06	6.281204e+00	1.487915e+00	9.904572e+00
5.230618270790364e-06	6.276699e+00	1.487061e+00	9.891232e+00
5.231618270790363e-06	6.260886e+00	1.485245e+00	9.844304e+00
5.232618270790364e-06	6.223083e+00	1.481750e+00	9.732012e+00
5.232743270790363e-06	6.213272e+00	1.480930e+00	9.702861e+00
5.232993270790364e-06	6.184612e+00	1.478291e+00	9.617835e+00
5.233493270790363e-06	6.119799e+00	1.470150e+00	9.426030e+00
5.234493270790364e-06	5.941316e+00	1.445305e+00	8.897786e+00
5.235101288001484e-06	5.778028e+00	1.422287e+00	8.414981e+00
5.235542331248807e-06	5.664280e+00	1.399574e+00	8.080556e+00
5.235970417401340e-06	5.570035e+00	1.374393e+00	7.803813e+00
5.236259204028006e-06	5.469571e+00	1.355576e+00	7.506520e+00
5.236537612076636e-06	5.308491e+00	1.333557e+00	7.029852e+00
5.236932960065613e-06	4.942801e+00	1.292400e+00	5.949293e+00
5.237294711906195e-06	4.346792e+00	1.233681e+00	4.195269e+00
5.237847466469834e-06	2.752859e+00	1.080822e+00	-4.483502e-01
5.238394971313058e-06	4.827271e-01	8.613091e-01	-7.006403e+00
5.238406756755671e-06	4.211693e-01	8.551445e-01	-7.182984e+00
5.238430327640896e-06	2.824478e-01	8.409882e-01	-7.578562e+00
5.238477469411347e-06	-2.468109e-03	8.121147e-01	-8.388912e+00
5.238479091389586e-06	-1.246643e-02	8.111000e-01	-8.417325e+00
5.238482335346064e-06	-3.271866e-02	8.090439e-01	-8.474836e+00
5.238488823259020e-06	-7.322311e-02	8.049126e-01	-8.589746e+00
5.238494507895252e-06	-1.085243e-01	8.012581e-01	-8.689790e+00
5.238499999974751e-06	-1.376572e-01	7.976761e-01	-8.771277e+00
5.238507414425504e-06	-1.611290e-01	7.927856e-01	-8.833087e+00
5.238517585307530e-06	-1.752968e-01	7.860489e-01	-8.863394e+00
5.238529810304589e-06	-1.838570e-01	7.779503e-01	-8.874514e+00
5.238554260298707e-06	-1.914597e-01	7.618446e-01	-8.868104e+00
5.238603160286941e-06	-1.924210e-01	7.300873e-01	-8.812209e+00
5.238662358467995e-06	-1.880188e-01	6.927032e-01	-8.728183e+00
5.238780754830100e-06	-1.776009e-01	6.217575e-01	-8.556967e+00
5.239017547554312e-06	-1.569405e-01	4.933281e-01	-8.219923e+00
5.239491133002735e-06	-1.199226e-01	2.757683e-01	-7.570898e+00
5.240117212317551e-06	-7.928085e-02	4.541016e-02	-6.755073e+00
5.240610594974945e-06	-5.332565e-02	-9.674835e-02	-6.143552e+00
5.240869717687545e-06	-4.148865e-02	-1.578751e-01	-5.833270e+00
5.240969961106503e-06	-3.727722e-02	-1.791992e-01	-5.715697e+00
5.241038110139839e-06	-3.465652e-02	-1.929932e-01	-5.637002e+00
5.241106278697618e-06	-3.213882e-02	-2.062340e-01	-5.558876e+00
5.241163981250025e-06	-3.007507e-02	-2.170410e-01	-5.493163e+00
5.241219329937273e-06	-2.814484e-02	-2.270737e-01	-5.430488e+00
5.241263359905975e-06	-2.665710e-02	-2.348328e-01	-5.380888e+00
5.241298328893382e-06	-2.548981e-02	-2.408524e-01	-5.341619e+00
5.241320103086640e-06	-2.479172e-02	-2.445374e-01	-5.317293e+00
5.241331359100811e-06	-2.441406e-02	-2.464218e-01	-5.304686e+00
5.241337086286820e-06	-2.422714e-02	-2.473755e-01	-5.298287e+00
5.241341586789625e-06	-2.409363e-02	-2.481194e-01	-5.293291e+00
5.241346510239762e-06	-2.393341e-02	-2.489319e-01	-5.287798e+00
5.241351716077876e-06	-2.376556e-02	-2.497864e-01	-5.281999e+00
5.241362127754104e-06	-2.343750e-02	-2.514915e-01	-5.270417e+00
5.241382951106560e-06	-2.278137e-02	-2.548523e-01	-5.247294e+00
5.241424597811472e-06	-2.150726e-02	-2.614212e-01	-5.201233e+00
5.241507891221295e-06	-1.906204e-02	-2.739372e-01	-5.109834e+00
5.241674478040942e-06	-1.457977e-02	-2.966156e-01	-4.929890e+00
5.242007651680236e-06	-7.095337e-03	-3.335228e-01	-4.581120e+00
5.242673998958824e-06	4.077911e-03	-3.857918e-01	-3.915216e+00
5.243302113718254e-06	1.088715e-02	-4.141350e-01	-3.323629e+00
5.243833771610952e-06	1.375580e-02	-4.219208e-01	-2.857295e+00
5.244402147843404e-06	1.449203e-02	-4.173241e-01	-2.395098e+00
5.244964485738074e-06	1.347733e-02	-4.032059e-01	-1.975291e+00
5.245554836845392e-06	1.100540e-02	-3.807220e-01	-1.577618e+00
5.246122001756258e-06	7.678986e-03	-3.539734e-01	-1.242064e+00
5.246701378438198e-06	3.677368e-03	-3.234100e-01	-9.527605e-01
5.247267844124182e-06	-4.959106e-04	-2.921791e-01	-7.240033e-01
5.247846363913429e-06	-4.779816e-03	-2.604485e-01	-5.428768e-01
5.248495089452600e-06	-9.334564e-03	-2.265968e-01	-3.927191e-01
5.249307037591692e-06	-1.446915e-02	-1.881599e-01	-2.624450e-01
5.250293596198506e-06	-1.984787e-02	-1.474075e-01	-1.583847e-01
5.251088145099798e-06	-2.344131e-02	-1.196785e-01	-1.051292e-01
5.251850904480149e-06	-2.623749e-02	-9.760666e-02	-7.269999e-02
5.252610601857051e-06	-2.847672e-02	-7.949829e-02	-5.129227e-02
5.253505938063342e-06	-3.053665e-02	-6.228638e-02	-3.471224e-02
5.254505938063342e-06	-3.228378e-02	-4.713058e-02	-2.269049e-02
5.255505938063342e-06	-3.355789e-02	-3.547287e-02	-1.500330e-02
5.256505938063342e-06	-3.446198e-02	-2.663422e-02	-1.005173e-02
5.257505938063341e-06	-3.508759e-02	-1.995850e-02	-6.779968e-03
5.258505938063342e-06	-3.551483e-02	-1.493073e-02	-4.572130e-03
5.259505938063341e-06	-3.578949e-02	-1.115417e-02	-3.057963e-03
5.260505938063342e-06	-3.595352e-02	-8.316040e-03	-2.007794e-03
5.261505938063342e-06	-3.604889e-02	-6.195068e-03	-1.274623e-03
5.262505938063342e-06	-3.608322e-02	-4.604340e-03	-7.615506e-04
5.263505938063342e-06	-3.608704e-02	-3.414154e-03	-4.030482e-04
5.264505938063341e-06	-3.606033e-02	-2.525330e-03	-1.538687e-04
5.265505938063342e-06	-3.601837e-02	-1.865387e-03	1.772584e-05
5.266505938063342e-06	-3.596497e-02	-1.369476e-03	1.342482e-04
5.267505938063342e-06	-3.590393e-02	-1.003265e-03	2.117828e-04
5.268505938063342e-06	-3.583908e-02	-7.324219e-04	2.618663e-04
5.269505938063341e-06	-3.577042e-02	-5.264282e-04	2.927840e-04
5.270505938063342e-06	-3.570557e-02	-3.776550e-04	3.104789e-04
5.271505938063342e-06	-3.563690e-02	-2.670288e-04	3.192010e-04
5.272505938063342e-06	-3.556824e-02	-1.831055e-04	3.219737e-04
5.273505938063342e-06	-3.550720e-02	-1.220703e-04	3.209317e-04
5.274505938063342e-06	-3.544235e-02	-7.629395e-05	3.175678e-04
5.275505938063342e-06	-3.538132e-02	-4.577637e-05	3.129120e-04
5.276505938063341e-06	-3.531647e-02	-1.907349e-05	3.076622e-04
5.277505938063342e-06	-3.525543e-02	0.000000e+00	3.022804e-04
5.278505938063342e-06	-3.519821e-02	1.144409e-05	2.970612e-04
5.279505938063342e-06	-3.514099e-02	1.907349e-05	2.921826e-04
5.280505938063342e-06	-3.508377e-02	2.670288e-05	2.877424e-04
5.281505938063341e-06	-3.502274e-02	3.051758e-05	2.837837e-04
5.282505938063342e-06	-3.496933e-02	3.433228e-05	2.803139e-04
5.283505938063342e-06	-3.491592e-02	3.433228e-05	2.773177e-04
5.284505938063342e-06	-3.485870e-02	3.814697e-05	2.747660e-04
5.285505938063342e-06	-3.480148e-02	3.814697e-05	2.726227e-04
5.286505938063342e-06	-3.474808e-02	3.814697e-05	2.708485e-04
5.287505938063342e-06	-3.469849e-02	3.814697e-05	2.694036e-04
5.288505938063342e-06	-3.464127e-02	3.814697e-05	2.682500e-04
5.289505938063342e-06	-3.458405e-02	3.814697e-05	2.673520e-04
5.290505938063342e-06	-3.453445e-02	3.814697e-05	2.666771e-04
5.291505938063342e-06	-3.447723e-02	3.814697e-05	2.661959e-04
5.292505938063342e-06	-3.442383e-02	3.814697e-05	2.658823e-04
5.293505938063342e-06	-3.437042e-02	3.814697e-05	2.657135e-04
5.294505938063342e-06	-3.431702e-02	3.814697e-05	2.656694e-04
5.295505938063342e-06	-3.425980e-02	3.814697e-05	2.657328e-04
5.296505938063342e-06	-3.421021e-02	3.814697e-05	2.658886e-04
5.297505938063342e-06	-3.415298e-02	3.814697e-05	2.661241e-04
5.298505938063341e-06	-3.409958e-02	3.814697e-05	2.664283e-04
5.299505938063342e-06	-3.404236e-02	3.814697e-05	2.667918e-04
5.300505938063342e-06	-3.399277e-02	3.814697e-05	2.672069e-04
5.301505938063342e-06	-3.393555e-02	4.196167e-05	2.676668e-04
5.302505938063342e-06	-3.388214e-02	4.196167e-05	2.681659e-04
5.303505938063342e-06	-3.382874e-02	4.196167e-05	2.686994e-04
5.304505938063342e-06	-3.377151e-02	4.196167e-05	2.692634e-04
5.305505938063342e-06	-3.371429e-02	4.196167e-05	2.698545e-04
5.306505938063342e-06	-3.366089e-02	4.196167e-05	2.704700e-04
5.307505938063342e-06	-3.360367e-02	4.196167e-05	2.711077e-04
5.308505938063342e-06	-3.355026e-02	4.196167e-05	2.717656e-04
5.309505938063342e-06	-3.349304e-02	4.196167e-05	2.724421e-04
5.310505938063342e-06	-3.343964e-02	4.196167e-05	2.731360e-04
5.311505938063342e-06	-3.338242e-02	4.196167e-05	2.738463e-04
5.312505938063342e-06	-3.332901e-02	4.196167e-05	2.745720e-04
5.313505938063342e-06	-3.326797e-02	4.196167e-05	2.753127e-04
5.314505938063342e-06	-3.321457e-02	4.196167e-05	2.760676e-04
5.315505938063342e-06	-3.315735e-02	4.196167e-05	2.768365e-04
5.316505938063342e-06	-3.310013e-02	4.196167e-05	2.776191e-04
5.317505938063342e-06	-3.304672e-02	4.196167e-05	2.784151e-04
5.318505938063342e-06	-3.298950e-02	4.196167e-05	2.792244e-04
5.319505938063342e-06	-3.293228e-02	4.196167e-05	2.800469e-04
5.320505938063342e-06	-3.287506e-02	4.196167e-05	2.808827e-04
5.321505938063342e-06	-3.281784e-02	4.196167e-05	2.817317e-04
5.322505938063342e-06	-3.276062e-02	4.196167e-05	2.825941e-04
5.323505938063342e-06	-3.269958e-02	4.196167e-05	2.834698e-04
5.324505938063342e-06	-3.264236e-02	4.196167e-05	2.843592e-04
5.325505938063342e-06	-3.258133e-02	4.196167e-05	2.852622e-04
5.326505938063342e-06	-3.252411e-02	4.196167e-05	2.861791e-04
5.327505938063342e-06	-3.246689e-02	4.196167e-05	2.871101e-04
5.328505938063342e-06	-3.240967e-02	4.196167e-05	2.880554e-04
5.329505938063342e-06	-3.234863e-02	4.196167e-05	2.890153e-04
5.330505938063342e-06	-3.229141e-02	4.196167e-05	2.899900e-04
5.331505938063342e-06	-3.223038e-02	4.196167e-05	2.909797e-04
5.332505938063342e-06	-3.217316e-02	4.196167e-05	2.919848e-04
5.333505938063342e-06	-3.211212e-02	4.196167e-05	2.930054e-04
5.334505938063342e-06	-3.205490e-02	4.196167e-05	2.940421e-04
5.335505938063342e-06	-3.199005e-02	4.196167e-05	2.950949e-04
5.336505938063342e-06	-3.193283e-02	4.577637e-05	2.961644e-04
5.337505938063342e-06	-3.187180e-02	4.577637e-05	2.972508e-04
5.338505938063342e-06	-3.181076e-02	4.577637e-05	2.983544e-04
5.339505938063342e-06	-3.174973e-02	4.577637e-05	2.994757e-04
5.341505938063342e-06	-3.162384e-02	4.577637e-05	3.017726e-04
5.343505938063342e-06	-3.150177e-02	4.577637e-05	3.041447e-04
5.346505938063342e-06	-3.131485e-02	4.577637e-05	3.078511e-04
5.348505938063342e-06	-3.118889e-02	4.538711e-05	3.104147e-04
5.350505938063342e-06	-3.106168e-02	4.530926e-05	3.130772e-04
5.352505938063342e-06	-3.093322e-02	4.554281e-05	3.158386e-04
5.354505938063341e-06	-3.080352e-02	4.608777e-05	3.186989e-04
5.356505938063342e-06	-3.067258e-02	4.694413e-05	3.216581e-04
5.358505938063342e-06	-3.054039e-02	4.811190e-05	3.247162e-04
5.360505938063342e-06	-3.040695e-02	4.959106e-05	3.278732e-04
5.364077366634770e-06	-3.016507e-02	4.881255e-05	3.337032e-04
5.367648795206199e-06	-2.991789e-02	4.865685e-05	3.400595e-04
5.371220223777628e-06	-2.966542e-02	4.912396e-05	3.469422e-04
5.374791652349056e-06	-2.940766e-02	5.021387e-05	3.543511e-04
5.378363080920484e-06	-2.914460e-02	5.192659e-05	3.622864e-04
5.381934509491913e-06	-2.887625e-02	5.426212e-05	3.707480e-04
5.385505938063342e-06	-2.860260e-02	5.722046e-05	3.797359e-04
5.388363080920485e-06	-2.837855e-02	5.831037e-05	3.874137e-04
5.391220223777627e-06	-2.814888e-02	5.940029e-05	3.957707e-04
5.394077366634771e-06	-2.791362e-02	6.049020e-05	4.048067e-04
5.396934509491913e-06	-2.767275e-02	6.158011e-05	4.145218e-04
5.399791652349057e-06	-2.742627e-02	6.267003e-05	4.249160e-04
5.402648795206199e-06	-2.717419e-02	6.375994e-05	4.359893e-04
5.405505938063342e-06	-2.691650e-02	6.484985e-05	4.477417e-04
5.407791652349056e-06	-2.670413e-02	6.741894e-05	4.577721e-04
5.410077366634771e-06	-2.648552e-02	6.967661e-05	4.686834e-04
5.412363080920485e-06	-2.626069e-02	7.162289e-05	4.804754e-04
5.414648795206199e-06	-2.602963e-02	7.325776e-05	4.931483e-04
5.416934509491913e-06	-2.579234e-02	7.458122e-05	5.067018e-04
5.419220223777628e-06	-2.554882e-02	7.559329e-05	5.211362e-04
5.421505938063342e-06	-2.529907e-02	7.629395e-05	5.364513e-04
5.424505938063342e-06	-2.496338e-02	8.010864e-05	5.588052e-04
5.427505938063342e-06	-2.460480e-02	8.392334e-05	5.837012e-04
5.430505938063342e-06	-2.423859e-02	8.773804e-05	6.115874e-04
5.433505938063342e-06	-2.384567e-02	9.155273e-05	6.430231e-04
5.435505938063342e-06	-2.357483e-02	9.536743e-05	6.662940e-04
5.437505938063342e-06	-2.328873e-02	9.918213e-05	6.917094e-04
5.439505938063342e-06	-2.299118e-02	1.029968e-04	7.195743e-04
5.441505938063342e-06	-2.268600e-02	1.068115e-04	7.502544e-04
5.443505938063343e-06	-2.236176e-02	1.106262e-04	7.841918e-04
5.445505938063342e-06	-2.202606e-02	1.144409e-04	8.219258e-04
5.447505938063342e-06	-2.167130e-02	1.220703e-04	8.641218e-04
5.449505938063342e-06	-2.130127e-02	1.258850e-04	9.116099e-04
5.450505938063342e-06	-2.110291e-02	1.296997e-04	9.376558e-04
5.451505938063342e-06	-2.090454e-02	1.335144e-04	9.654391e-04
5.452505938063342e-06	-2.069855e-02	1.373291e-04	9.951378e-04
5.453505938063343e-06	-2.047729e-02	1.411438e-04	1.026955e-03
5.454505938063342e-06	-2.025604e-02	1.449585e-04	1.061124e-03
5.455505938063342e-06	-2.002335e-02	1.487732e-04	1.097912e-03
5.456505938063342e-06	-1.978302e-02	1.525879e-04	1.137631e-03
5.457505938063342e-06	-1.953506e-02	1.602173e-04	1.180641e-03
5.458505938063342e-06	-1.927948e-02	1.640320e-04	1.227368e-03
5.459505938063342e-06	-1.900864e-02	1.716614e-04	1.278310e-03
5.460505938063343e-06	-1.873016e-02	1.792908e-04	1.334060e-03
5.461505938063342e-06	-1.842880e-02	1.831055e-04	1.395330e-03
5.462505938063342e-06	-1.811981e-02	1.945496e-04	1.462975e-03
5.463505938063342e-06	-1.779175e-02	2.021790e-04	1.538040e-03
5.464505938063342e-06	-1.744461e-02	2.098083e-04	1.621810e-03
5.465505938063343e-06	-1.708221e-02	2.212524e-04	1.715885e-03
5.466505938063342e-06	-1.668549e-02	2.326965e-04	1.822282e-03
5.467505938063342e-06	-1.626587e-02	2.441406e-04	1.943582e-03
5.468505938063342e-06	-1.581573e-02	2.593994e-04	2.083140e-03
5.469505938063342e-06	-1.532745e-02	2.784729e-04	2.245400e-03
5.470505938063343e-06	-1.479340e-02	2.975464e-04	2.436375e-03
5.471505938063342e-06	-1.420212e-02	3.204346e-04	2.664410e-03
5.472505938063343e-06	-1.354218e-02	3.471375e-04	2.941422e-03
5.473505938063342e-06	-1.280212e-02	3.814697e-04	3.285053e-03
5.474505938063342e-06	-1.195526e-02	4.196167e-04	3.722536e-03
5.475505938063342e-06	-1.095963e-02	4.653931e-04	4.298203e-03
5.476505938063342e-06	-9.750366e-03	5.264282e-04	5.094861e-03
5.477505938063343e-06	-8.220673e-03	6.141663e-04	6.271556e-03
5.478505938063342e-06	-6.145477e-03	7.400513e-04	8.160289e-03
5.479505938063342e-06	-3.070831e-03	9.346008e-04	1.150684e-02
5.480505938063342e-06	1.575470e-03	1.251221e-03	1.693513e-02
5.481505938063342e-06	6.938934e-03	1.682281e-03	2.151581e-02
5.482505938063343e-06	1.053619e-02	2.059937e-03	1.988292e-02
5.483505938063342e-06	1.118469e-02	2.151489e-03	1.216036e-02
5.484489301676909e-06	9.887695e-03	1.903534e-03	3.453432e-03
5.485374593933993e-06	8.003235e-03	1.472473e-03	-2.530103e-03
5.486374593933993e-06	5.722046e-03	9.002686e-04	-6.583982e-03
5.487374593933993e-06	3.673553e-03	3.700256e-04	-8.296683e-03
5.488374593933993e-06	1.998901e-03	-5.722046e-05	-8.339066e-03
5.489374593933994e-06	7.133484e-04	-3.547668e-04	-7.466509e-03
5.490374593933993e-06	-2.403259e-04	-5.340576e-04	-6.217922e-03
5.491374593933993e-06	-9.155273e-04	-6.103516e-04	-4.901634e-03
5.492374593933993e-06	-1.365662e-03	-6.217957e-04	-3.664821e-03
5.493374593933993e-06	-1.621246e-03	-5.798340e-04	-2.563095e-03
5.494374593933994e-06	-1.724243e-03	-5.111694e-04	-1.607743e-03
5.495374593933993e-06	-1.693726e-03	-4.234314e-04	-7.927735e-04
5.496374593933993e-06	-1.564026e-03	-3.280640e-04	-1.096975e-04
5.497374593933993e-06	-1.342773e-03	-2.365112e-04	4.477228e-04
5.498374593933993e-06	-1.068115e-03	-1.487732e-04	8.824749e-04
5.499374593933993e-06	-7.591248e-04	-6.866455e-05	1.191977e-03
5.500374593933993e-06	-4.425049e-04	0.000000e+00	1.371777e-03
5.501374593933994e-06	-1.449585e-04	5.722046e-05	1.422340e-03
5.502374593933993e-06	1.068115e-04	9.536743e-05	1.353111e-03
5.503374593933993e-06	3.051758e-04	1.220703e-04	1.184488e-03
5.504374593933993e-06	4.425049e-04	1.296997e-04	9.462326e-04
5.505374593933993e-06	5.111694e-04	1.296997e-04	6.729695e-04
5.506374593933994e-06	5.302429e-04	1.144409e-04	3.978342e-04
5.507374593933993e-06	4.997253e-04	9.536743e-05	1.471893e-04
5.508374593933993e-06	4.425049e-04	7.247925e-05	-6.073477e-05
5.509374593933993e-06	3.623962e-04	4.577637e-05	-2.161411e-04
5.510374593933993e-06	2.746582e-04	2.288818e-05	-3.174730e-04
5.511374593933994e-06	1.907349e-04	3.814697e-06	-3.691087e-04
5.512374593933993e-06	1.144409e-04	-1.144409e-05	-3.788047e-04
5.513374593933993e-06	4.577637e-05	-2.288818e-05	-3.559192e-04
5.514374593933993e-06	-7.629395e-06	-3.051758e-05	-3.100700e-04
5.515374593933993e-06	-4.196167e-05	-3.433228e-05	-2.502391e-04
5.516374593933993e-06	-6.484985e-05	-3.433228e-05	-1.842538e-04
5.517374593933993e-06	-7.247925e-05	-3.051758e-05	-1.185264e-04
5.518374593933994e-06	-6.866455e-05	-2.670288e-05	-5.797814e-05
5.519374593933993e-06	-6.103516e-05	-1.907349e-05	-6.064215e-06
5.520374593933993e-06	-4.196167e-05	-1.525879e-05	3.512478e-05
5.521374593933993e-06	-2.670288e-05	-7.629395e-06	6.471993e-05
5.522374593933993e-06	0.000000e+00	-3.814697e-06	8.436960e-05
5.522790640450191e-06	7.629395e-06	0.000000e+00	8.923478e-05
5.523268174440657e-06	1.907349e-05	0.000000e+00	9.178948e-05
5.523859491886879e-06	2.670288e-05	3.814697e-06	9.176468e-05
5.524859491886879e-06	4.196167e-05	7.629395e-06	8.620317e-05
5.525859491886879e-06	5.340576e-05	7.629395e-06	7.565729e-05
5.526859491886879e-06	6.103516e-05	7.629395e-06	6.135194e-05
5.527859491886879e-06	6.866455e-05	7.629395e-06	4.523997e-05
5.528859491886879e-06	7.247925e-05	7.629395e-06	2.900571e-05
5.529859491886879e-06	6.866455e-05	7.629395e-06	1.398093e-05
5.530859491886879e-06	6.866455e-05	3.814697e-06	1.110742e-06
5.531859491886879e-06	6.484985e-05	3.814697e-06	-9.041572e-06
5.532859491886879e-06	6.103516e-05	3.814697e-06	-1.625642e-05
5.533859491886879e-06	5.340576e-05	0.000000e+00	-2.060002e-05
5.534859491886879e-06	4.577637e-05	0.000000e+00	-2.235483e-05
5.535859491886879e-06	4.577637e-05	0.000000e+00	-2.194836e-05
5.536859491886879e-06	4.196167e-05	0.000000e+00	-1.988629e-05
5.537859491886879e-06	3.814697e-05	-3.814697e-06	-1.669456e-05
5.538859491886879e-06	3.814697e-05	-3.814697e-06	-1.287329e-05
5.539859491886879e-06	3.814697e-05	-3.814697e-06	-8.862738e-06
5.540859491886879e-06	3.814697e-05	0.000000e+00	-5.022030e-06
5.541859491886879e-06	3.433228e-05	0.000000e+00	-1.618475e-06
5.542859491886879e-06	3.814697e-05	0.000000e+00	1.173228e-06
5.543859491886879e-06	3.814697e-05	0.000000e+00	3.264768e-06
5.544859491886879e-06	3.814697e-05	0.000000e+00	4.642352e-06
5.545859491886879e-06	4.196167e-05	0.000000e+00	5.351738e-06
5.546859491886879e-06	4.196167e-05	0.000000e+00	5.481739e-06
5.547859491886879e-06	4.196167e-05	0.000000e+00	5.147873e-06
5.548859491886879e-06	4.196167e-05	0.000000e+00	4.477477e-06
5.549859491886879e-06	4.196167e-05	0.000000e+00	3.596961e-06
5.550859491886879e-06	4.577637e-05	0.000000e+00	2.622044e-06
5.551859491886879e-06	4.577637e-05	0.000000e+00	1.650762e-06
5.552859491886879e-06	4.577637e-05	0.000000e+00	7.595918e-07
5.553859491886879e-06	4.196167e-05	0.000000e+00	1.949957e-09
5.554859491886879e-06	4.196167e-05	0.000000e+00	-5.909551e-07
5.555859491886879e-06	4.196167e-05	0.000000e+00	-1.007853e-06
5.556859491886879e-06	4.196167e-05	0.000000e+00	-1.253900e-06
5.557859491886879e-06	4.577637e-05	0.000000e+00	-1.346740e-06
5.558859491886879e-06	4.196167e-05	0.000000e+00	-1.312334e-06
5.559859491886879e-06	4.196167e-05	0.000000e+00	-1.181124e-06
5.560859491886879e-06	3.814697e-05	0.000000e+00	-9.846044e-07
5.561859491886879e-06	4.196167e-05	0.000000e+00	-7.526069e-07
5.562859491886879e-06	4.196167e-05	0.000000e+00	-5.112797e-07
5.563859491886879e-06	4.196167e-05	0.000000e+00	-2.818379e-07
5.564859491886879e-06	3.814697e-05	0.000000e+00	-7.991912e-08
5.565859491886879e-06	3.814697e-05	0.000000e+00	8.441384e-08
5.566859491886879e-06	3.814697e-05	0.000000e+00	2.062898e-07
5.567859491886879e-06	3.814697e-05	0.000000e+00	2.852539e-07
5.568859491886879e-06	3.814697e-05	0.000000e+00	3.243767e-07
5.569859491886879e-06	4.196167e-05	0.000000e+00	3.292062e-07
5.570859491886879e-06	4.196167e-05	0.000000e+00	3.068308e-07
5.571859491886879e-06	4.577637e-05	0.000000e+00	2.649358e-07
5.572859491886879e-06	4.577637e-05	0.000000e+00	2.111119e-07
5.573859491886879e-06	4.577637e-05	0.000000e+00	1.522203e-07
5.574859491886879e-06	4.577637e-05	0.000000e+00	9.405267e-08
5.575859491886879e-06	4.577637e-05	0.000000e+00	4.106369e-08
5.576859491886880e-06	4.577637e-05	0.000000e+00	-3.648893e-09
5.577859491886879e-06	4.577637e-05	0.000000e+00	-3.834612e-08
5.578859491886879e-06	4.196167e-05	0.000000e+00	-6.243863e-08
5.579859491886879e-06	4.196167e-05	0.000000e+00	-7.632843e-08
5.580859491886879e-06	4.196167e-05	0.000000e+00	-8.112147e-08
5.581859491886879e-06	4.196167e-05	0.000000e+00	-7.842755e-08
5.582859491886879e-06	4.196167e-05	0.000000e+00	-7.007839e-08
5.583859491886879e-06	4.196167e-05	0.000000e+00	-5.797847e-08
5.584859491886879e-06	4.196167e-05	0.000000e+00	-4.389585e-08
5.585859491886879e-06	4.196167e-05	0.000000e+00	-2.939305e-08
5.586859491886879e-06	4.196167e-05	0.000000e+00	-1.570152e-08
5.587859491886879e-06	4.196167e-05	0.000000e+00	-3.743480e-09
5.588859491886879e-06	4.196167e-05	0.000000e+00	5.918992e-09
5.589859491886879e-06	4.196167e-05	0.000000e+00	1.300577e-08
5.590859491886879e-06	4.196167e-05	0.000000e+00	1.752596e-08
5.592859491886879e-06	4.196167e-05	0.000000e+00	1.978697e-08
5.594859491886879e-06	4.196167e-05	0.000000e+00	1.570152e-08
5.597859491886879e-06	4.196167e-05	0.000000e+00	5.376933e-09
5.600859491886879e-06	4.196167e-05	0.000000e+00	-2.435627e-09
5.603859491886879e-06	4.196167e-05	0.000000e+00	-4.854883e-09
5.605716634744022e-06	4.196167e-05	0.000000e+00	-3.406704e-09
5.607573777601165e-06	4.196167e-05	0.000000e+00	-2.156450e-09
5.609430920458308e-06	4.196167e-05	0.000000e+00	-1.104121e-09
5.611288063315451e-06	4.196167e-05	0.000000e+00	-2.497153e-10
5.613145206172594e-06	4.196167e-05	0.000000e+00	4.067656e-10
5.615002349029736e-06	4.196167e-05	0.000000e+00	8.653222e-10
5.616859491886879e-06	4.196167e-05	0.000000e+00	1.125954e-09
5.629002349029737e-06	4.196167e-05	0.000000e+00	6.330864e-10
5.641145206172593e-06	4.196167e-05	0.000000e+00	2.522768e-10
5.653288063315450e-06	4.196167e-05	0.000000e+00	-1.647455e-11
5.665430920458308e-06	4.196167e-05	0.000000e+00	-1.731675e-10
5.677573777601165e-06	4.196167e-05	0.000000e+00	-2.178021e-10
5.689716634744022e-06	4.196167e-05	0.000000e+00	-1.503783e-10
5.701859491886879e-06	4.196167e-05	0.000000e+00	2.910383e-11
6.043859491886880e-06	4.196167e-05	0.000000e+00	2.364686e-11
7.067859491886883e-06	4.196167e-05	0.000000e+00	1.273293e-11
8.091859491886885e-06	4.196167e-05	0.000000e+00	5.456968e-12
9.115859491886887e-06	4.196167e-05	0.000000e+00	3.637979e-12
9.998859491886889e-06	4.196167e-05	0.000000e+00	2.728484e-12
9.999859491886890e-06	4.196167e-05	0.000000e+00	1.846290e-08
1.000000000000000e-05	4.196167e-05	0.000000e+00	2.148136e-08
