time	V(Vcc_led,Vi_led5)	V(Vi_led5,N001)	I(D6)
0.000000000000000e+00	0.000000e+00	4.959106e-05	7.768569e-15
1.020500000000002e-06	0.000000e+00	4.959106e-05	1.322756e-15
2.044500000000005e-06	0.000000e+00	4.959106e-05	-6.369702e-15
3.068500000000007e-06	0.000000e+00	4.959106e-05	-9.815691e-16
4.092500000000010e-06	0.000000e+00	4.959106e-05	7.164930e-15
5.010000000000000e-06	0.000000e+00	4.959106e-05	-5.551115e-16
5.010024504569272e-06	0.000000e+00	4.959106e-05	-3.657422e-06
5.010073513707813e-06	0.000000e+00	4.577637e-05	-1.422841e-05
5.010171531984899e-06	0.000000e+00	3.433228e-05	-4.662598e-05
5.010263524985434e-06	0.000000e+00	1.907349e-05	-9.082692e-05
5.010389144798269e-06	0.000000e+00	-1.525879e-05	-1.727503e-04
5.010555269885641e-06	-3.814697e-06	-6.484985e-05	-3.110640e-04
5.010819980262910e-06	-7.629395e-06	-1.831055e-04	-5.799962e-04
5.011207674011450e-06	-2.288818e-05	-4.005432e-04	-1.027644e-03
5.011795914848033e-06	-5.722046e-05	-8.010864e-04	-1.728622e-03
5.012403931749843e-06	-1.029968e-04	-1.277924e-03	-2.373734e-03
5.013403931749843e-06	-1.983643e-04	-2.113342e-03	-3.168664e-03
5.014403931749843e-06	-2.975464e-04	-2.952576e-03	-3.654467e-03
5.015200000000000e-06	-3.738403e-04	-3.601074e-03	-3.831241e-03
5.015624520341212e-06	1.104736e-02	9.298019e-01	2.674583e+00
5.015812493237123e-06	4.387665e-02	2.595963e+00	7.316674e+00
5.015962249946172e-06	1.028900e-01	4.367168e+00	1.200517e+01
5.016051994576439e-06	1.526413e-01	5.153896e+00	1.389553e+01
5.016200000000000e-06	2.457924e-01	6.211433e+00	1.628702e+01
5.016214800542356e-06	2.559891e-01	6.273743e+00	1.639835e+01
5.016244401627069e-06	2.764931e-01	6.394409e+00	1.661296e+01
5.016303603796492e-06	3.178825e-01	6.611198e+00	1.698005e+01
5.016422008135341e-06	4.012604e-01	6.972061e+00	1.752213e+01
5.016493627214597e-06	4.517288e-01	7.136467e+00	1.770380e+01
5.016540039134509e-06	4.841805e-01	7.199223e+00	1.769918e+01
5.016584864155203e-06	5.151253e-01	7.224236e+00	1.759382e+01
5.016609072594181e-06	5.315857e-01	7.227921e+00	1.751022e+01
5.016639038395842e-06	5.515900e-01	7.229164e+00	1.740060e+01
5.016698969999163e-06	5.907288e-01	7.231739e+00	1.718992e+01
5.016771311088894e-06	6.363449e-01	7.236305e+00	1.695444e+01
5.016915993268356e-06	7.228851e-01	7.249161e+00	1.653241e+01
5.017114074788895e-06	8.335648e-01	7.270266e+00	1.602021e+01
5.017325762436935e-06	9.432716e-01	7.296600e+00	1.553831e+01
5.017467243285395e-06	1.011105e+00	7.321598e+00	1.526920e+01
5.017660810287349e-06	1.097809e+00	7.368071e+00	1.496946e+01
5.017790235371475e-06	1.152512e+00	7.402304e+00	1.479416e+01
5.017939372608579e-06	1.211235e+00	7.440628e+00	1.460999e+01
5.018237647082786e-06	1.319321e+00	7.507771e+00	1.428326e+01
5.018586132785226e-06	1.433868e+00	7.558748e+00	1.397706e+01
5.018903331168756e-06	1.527447e+00	7.568880e+00	1.379254e+01
5.019241513257023e-06	1.617779e+00	7.555857e+00	1.369069e+01
5.019559026026329e-06	1.695454e+00	7.539869e+00	1.363755e+01
5.019895930837606e-06	1.769653e+00	7.523481e+00	1.358926e+01
5.020569740460160e-06	1.900051e+00	7.493149e+00	1.349903e+01
5.021295371259998e-06	2.018456e+00	7.464815e+00	1.341480e+01
5.022295371259999e-06	2.149769e+00	7.432512e+00	1.331880e+01
5.023295371259999e-06	2.253082e+00	7.406538e+00	1.324160e+01
5.024295371259998e-06	2.332504e+00	7.386124e+00	1.318095e+01
5.025295371259999e-06	2.393505e+00	7.370121e+00	1.313339e+01
5.026295371259998e-06	2.440331e+00	7.357574e+00	1.309612e+01
5.027295371259999e-06	2.476242e+00	7.347752e+00	1.306694e+01
5.028295371259998e-06	2.503761e+00	7.340063e+00	1.304409e+01
5.029295371259999e-06	2.524837e+00	7.334042e+00	1.302621e+01
5.030295371259999e-06	2.540962e+00	7.329329e+00	1.301222e+01
5.031295371259998e-06	2.553284e+00	7.325645e+00	1.300127e+01
5.032295371259999e-06	2.562695e+00	7.322763e+00	1.299271e+01
5.033295371259998e-06	2.569874e+00	7.320513e+00	1.298603e+01
5.034295371259999e-06	2.575344e+00	7.318756e+00	1.298081e+01
5.035295371259999e-06	2.579510e+00	7.317387e+00	1.297674e+01
5.036295371259998e-06	2.582676e+00	7.316322e+00	1.297357e+01
5.037295371259999e-06	2.585083e+00	7.315493e+00	1.297111e+01
5.038295371259998e-06	2.586906e+00	7.314854e+00	1.296921e+01
5.039295371259999e-06	2.588295e+00	7.314354e+00	1.296774e+01
5.040295371259999e-06	2.589340e+00	7.313976e+00	1.296660e+01
5.041295371259998e-06	2.590137e+00	7.313683e+00	1.296574e+01
5.042295371259999e-06	2.590736e+00	7.313463e+00	1.296508e+01
5.043295371259998e-06	2.591194e+00	7.313293e+00	1.296458e+01
5.044295371259999e-06	2.591537e+00	7.313169e+00	1.296422e+01
5.045295371259999e-06	2.591797e+00	7.313080e+00	1.296394e+01
5.046295371259999e-06	2.591995e+00	7.313013e+00	1.296375e+01
5.047295371259999e-06	2.592148e+00	7.312967e+00	1.296362e+01
5.048295371259998e-06	2.592262e+00	7.312939e+00	1.296353e+01
5.049295371259999e-06	2.592354e+00	7.312918e+00	1.296347e+01
5.050295371259998e-06	2.592422e+00	7.312908e+00	1.296344e+01
5.051295371259999e-06	2.592476e+00	7.312906e+00	1.296343e+01
5.052295371259999e-06	2.592522e+00	7.312904e+00	1.296344e+01
5.053295371259998e-06	2.592552e+00	7.312916e+00	1.296346e+01
5.054295371259999e-06	2.592583e+00	7.312922e+00	1.296348e+01
5.055295371259998e-06	2.592606e+00	7.312931e+00	1.296351e+01
5.056295371259999e-06	2.592628e+00	7.312941e+00	1.296354e+01
5.057295371259999e-06	2.592644e+00	7.312954e+00	1.296358e+01
5.058295371259999e-06	2.592659e+00	7.312967e+00	1.296361e+01
5.059295371259999e-06	2.592674e+00	7.312977e+00	1.296365e+01
5.060295371259998e-06	2.592686e+00	7.312990e+00	1.296368e+01
5.061295371259999e-06	2.592697e+00	7.313002e+00	1.296372e+01
5.062295371259999e-06	2.592709e+00	7.313011e+00	1.296375e+01
5.063295371259999e-06	2.592716e+00	7.313025e+00	1.296378e+01
5.064295371259999e-06	2.592724e+00	7.313036e+00	1.296381e+01
5.065295371259998e-06	2.592735e+00	7.313042e+00	1.296384e+01
5.066295371259999e-06	2.592743e+00	7.313051e+00	1.296387e+01
5.067295371259998e-06	2.592747e+00	7.313065e+00	1.296390e+01
5.068295371259999e-06	2.592754e+00	7.313070e+00	1.296392e+01
5.069295371259999e-06	2.592762e+00	7.313076e+00	1.296394e+01
5.070295371259998e-06	2.592766e+00	7.313086e+00	1.296396e+01
5.071295371259999e-06	2.592773e+00	7.313091e+00	1.296398e+01
5.072295371259998e-06	2.592777e+00	7.313099e+00	1.296400e+01
5.073295371259999e-06	2.592781e+00	7.313105e+00	1.296402e+01
5.074295371259999e-06	2.592789e+00	7.313107e+00	1.296403e+01
5.075295371259999e-06	2.592793e+00	7.313112e+00	1.296405e+01
5.076295371259999e-06	2.592796e+00	7.313116e+00	1.296406e+01
5.077295371259998e-06	2.592800e+00	7.313122e+00	1.296407e+01
5.078295371259999e-06	2.592804e+00	7.313124e+00	1.296408e+01
5.079295371259999e-06	2.592804e+00	7.313129e+00	1.296410e+01
5.080295371259999e-06	2.592808e+00	7.313133e+00	1.296410e+01
5.081295371259999e-06	2.592812e+00	7.313133e+00	1.296411e+01
5.082295371259998e-06	2.592815e+00	7.313137e+00	1.296412e+01
5.083295371259999e-06	2.592815e+00	7.313141e+00	1.296413e+01
5.084295371259998e-06	2.592819e+00	7.313141e+00	1.296414e+01
5.085295371259999e-06	2.592819e+00	7.313145e+00	1.296414e+01
5.086295371259999e-06	2.592823e+00	7.313145e+00	1.296415e+01
5.087295371259999e-06	2.592823e+00	7.313148e+00	1.296415e+01
5.088295371259999e-06	2.592827e+00	7.313148e+00	1.296416e+01
5.089295371259998e-06	2.592827e+00	7.313152e+00	1.296416e+01
5.090295371259999e-06	2.592827e+00	7.313154e+00	1.296417e+01
5.091295371259999e-06	2.592831e+00	7.313152e+00	1.296417e+01
5.092295371259999e-06	2.592831e+00	7.313156e+00	1.296418e+01
5.093295371259999e-06	2.592831e+00	7.313156e+00	1.296418e+01
5.094295371259998e-06	2.592831e+00	7.313160e+00	1.296418e+01
5.095295371259999e-06	2.592834e+00	7.313156e+00	1.296418e+01
5.096295371259999e-06	2.592834e+00	7.313160e+00	1.296419e+01
5.097295371259999e-06	2.592834e+00	7.313160e+00	1.296419e+01
5.098295371259999e-06	2.592834e+00	7.313164e+00	1.296419e+01
5.099295371259999e-06	2.592834e+00	7.313164e+00	1.296419e+01
5.100295371259999e-06	2.592838e+00	7.313162e+00	1.296420e+01
5.101295371259998e-06	2.592838e+00	7.313162e+00	1.296420e+01
5.102295371259999e-06	2.592838e+00	7.313164e+00	1.296420e+01
5.103295371259999e-06	2.592838e+00	7.313164e+00	1.296420e+01
5.104295371259999e-06	2.592838e+00	7.313166e+00	1.296420e+01
5.105295371259999e-06	2.592838e+00	7.313166e+00	1.296420e+01
5.106295371259998e-06	2.592838e+00	7.313168e+00	1.296420e+01
5.107295371259999e-06	2.592838e+00	7.313168e+00	1.296420e+01
5.108295371259999e-06	2.592838e+00	7.313168e+00	1.296420e+01
5.109295371259999e-06	2.592838e+00	7.313168e+00	1.296421e+01
5.110295371259999e-06	2.592842e+00	7.313166e+00	1.296421e+01
5.111295371259998e-06	2.592842e+00	7.313166e+00	1.296421e+01
5.112295371259999e-06	2.592842e+00	7.313166e+00	1.296421e+01
5.113295371259999e-06	2.592842e+00	7.313166e+00	1.296421e+01
5.114295371259999e-06	2.592842e+00	7.313168e+00	1.296421e+01
5.115295371259999e-06	2.592842e+00	7.313168e+00	1.296421e+01
5.116295371259999e-06	2.592842e+00	7.313168e+00	1.296421e+01
5.117295371259999e-06	2.592842e+00	7.313168e+00	1.296421e+01
5.118295371259998e-06	2.592842e+00	7.313168e+00	1.296421e+01
5.119295371259999e-06	2.592842e+00	7.313168e+00	1.296421e+01
5.120295371259999e-06	2.592842e+00	7.313168e+00	1.296421e+01
5.121295371259999e-06	2.592842e+00	7.313168e+00	1.296421e+01
5.122295371259999e-06	2.592842e+00	7.313169e+00	1.296421e+01
5.123295371259998e-06	2.592842e+00	7.313169e+00	1.296421e+01
5.124295371259999e-06	2.592842e+00	7.313169e+00	1.296421e+01
5.125295371259999e-06	2.592842e+00	7.313169e+00	1.296421e+01
5.126295371259999e-06	2.592842e+00	7.313169e+00	1.296421e+01
5.127295371259999e-06	2.592842e+00	7.313169e+00	1.296421e+01
5.128295371259999e-06	2.592842e+00	7.313169e+00	1.296421e+01
5.129295371259999e-06	2.592842e+00	7.313169e+00	1.296421e+01
5.130295371259999e-06	2.592842e+00	7.313169e+00	1.296421e+01
5.131295371259999e-06	2.592842e+00	7.313169e+00	1.296421e+01
5.132295371259999e-06	2.592842e+00	7.313169e+00	1.296421e+01
5.133295371259999e-06	2.592842e+00	7.313169e+00	1.296421e+01
5.134295371259999e-06	2.592842e+00	7.313169e+00	1.296421e+01
5.135295371259998e-06	2.592842e+00	7.313169e+00	1.296421e+01
5.136295371259999e-06	2.592842e+00	7.313169e+00	1.296421e+01
5.137295371259999e-06	2.592842e+00	7.313169e+00	1.296421e+01
5.138295371259999e-06	2.592842e+00	7.313169e+00	1.296422e+01
5.139295371259999e-06	2.592842e+00	7.313171e+00	1.296422e+01
5.140295371259998e-06	2.592842e+00	7.313171e+00	1.296422e+01
5.141295371259999e-06	2.592842e+00	7.313171e+00	1.296422e+01
5.142295371259999e-06	2.592842e+00	7.313171e+00	1.296422e+01
5.143295371259999e-06	2.592842e+00	7.313171e+00	1.296422e+01
5.144295371259999e-06	2.592842e+00	7.313171e+00	1.296422e+01
5.145295371259999e-06	2.592842e+00	7.313171e+00	1.296422e+01
5.146295371259999e-06	2.592842e+00	7.313171e+00	1.296422e+01
5.147295371259999e-06	2.592842e+00	7.313171e+00	1.296422e+01
5.148295371259999e-06	2.592842e+00	7.313171e+00	1.296422e+01
5.149295371259999e-06	2.592842e+00	7.313171e+00	1.296422e+01
5.150295371259999e-06	2.592842e+00	7.313171e+00	1.296422e+01
5.151295371259999e-06	2.592842e+00	7.313171e+00	1.296422e+01
5.152295371259998e-06	2.592842e+00	7.313171e+00	1.296422e+01
5.153295371259999e-06	2.592842e+00	7.313171e+00	1.296422e+01
5.154295371259999e-06	2.592842e+00	7.313171e+00	1.296422e+01
5.155295371259999e-06	2.592842e+00	7.313171e+00	1.296422e+01
5.156295371259999e-06	2.592842e+00	7.313171e+00	1.296422e+01
5.157295371259999e-06	2.592842e+00	7.313171e+00	1.296422e+01
5.158295371259999e-06	2.592842e+00	7.313171e+00	1.296422e+01
5.159295371259999e-06	2.592842e+00	7.313171e+00	1.296422e+01
5.160295371259999e-06	2.592842e+00	7.313171e+00	1.296422e+01
5.161295371259999e-06	2.592842e+00	7.313171e+00	1.296422e+01
5.162295371259999e-06	2.592842e+00	7.313171e+00	1.296422e+01
5.163295371259999e-06	2.592842e+00	7.313171e+00	1.296422e+01
5.164295371259999e-06	2.592842e+00	7.313171e+00	1.296422e+01
5.165295371259999e-06	2.592842e+00	7.313171e+00	1.296422e+01
5.166295371259999e-06	2.592842e+00	7.313171e+00	1.296422e+01
5.167295371259999e-06	2.592842e+00	7.313171e+00	1.296422e+01
5.168295371259999e-06	2.592842e+00	7.313171e+00	1.296422e+01
5.169295371259998e-06	2.592842e+00	7.313171e+00	1.296422e+01
5.170295371259999e-06	2.592842e+00	7.313171e+00	1.296422e+01
5.171295371259999e-06	2.592842e+00	7.313171e+00	1.296422e+01
5.172295371259999e-06	2.592842e+00	7.313171e+00	1.296422e+01
5.173295371259999e-06	2.592842e+00	7.313171e+00	1.296422e+01
5.174295371259999e-06	2.592842e+00	7.313171e+00	1.296422e+01
5.175295371259999e-06	2.592842e+00	7.313171e+00	1.296422e+01
5.176295371259999e-06	2.592842e+00	7.313171e+00	1.296422e+01
5.177295371259999e-06	2.592842e+00	7.313171e+00	1.296422e+01
5.178295371259999e-06	2.592842e+00	7.313171e+00	1.296422e+01
5.179295371259999e-06	2.592842e+00	7.313171e+00	1.296422e+01
5.180295371259999e-06	2.592842e+00	7.313171e+00	1.296422e+01
5.181295371259999e-06	2.592842e+00	7.313171e+00	1.296422e+01
5.182295371259999e-06	2.592842e+00	7.313171e+00	1.296422e+01
5.183295371259999e-06	2.592842e+00	7.313171e+00	1.296422e+01
5.184295371259999e-06	2.592842e+00	7.313171e+00	1.296422e+01
5.185295371259999e-06	2.592842e+00	7.313171e+00	1.296422e+01
5.186295371259999e-06	2.592842e+00	7.313171e+00	1.296422e+01
5.187295371259999e-06	2.592842e+00	7.313171e+00	1.296422e+01
5.188295371259999e-06	2.592842e+00	7.313171e+00	1.296422e+01
5.189295371259999e-06	2.592842e+00	7.313171e+00	1.296422e+01
5.190295371259999e-06	2.592842e+00	7.313171e+00	1.296422e+01
5.191295371259999e-06	2.592842e+00	7.313171e+00	1.296422e+01
5.192295371259999e-06	2.592842e+00	7.313171e+00	1.296422e+01
5.193295371259999e-06	2.592842e+00	7.313171e+00	1.296422e+01
5.194295371259999e-06	2.592842e+00	7.313171e+00	1.296422e+01
5.195295371259999e-06	2.592842e+00	7.313171e+00	1.296422e+01
5.196295371259999e-06	2.592842e+00	7.313171e+00	1.296422e+01
5.197295371259999e-06	2.592842e+00	7.313171e+00	1.296422e+01
5.198295371259999e-06	2.592842e+00	7.313171e+00	1.296422e+01
5.199295371259999e-06	2.592842e+00	7.313171e+00	1.296422e+01
5.200295371259999e-06	2.592842e+00	7.313171e+00	1.296422e+01
5.201295371259999e-06	2.592842e+00	7.313171e+00	1.296422e+01
5.202295371259999e-06	2.592842e+00	7.313171e+00	1.296422e+01
5.203295371259999e-06	2.592842e+00	7.313171e+00	1.296422e+01
5.204295371259999e-06	2.592842e+00	7.313171e+00	1.296422e+01
5.205295371259999e-06	2.592842e+00	7.313171e+00	1.296422e+01
5.206295371259999e-06	2.592842e+00	7.313171e+00	1.296422e+01
5.207295371259999e-06	2.592842e+00	7.313171e+00	1.296422e+01
5.208295371259999e-06	2.592842e+00	7.313171e+00	1.296422e+01
5.209295371259999e-06	2.592842e+00	7.313171e+00	1.296422e+01
5.210295371259999e-06	2.592842e+00	7.313171e+00	1.296422e+01
5.211295371259999e-06	2.592842e+00	7.313171e+00	1.296422e+01
5.212295371259999e-06	2.592842e+00	7.313171e+00	1.296422e+01
5.213295371259999e-06	2.592842e+00	7.313171e+00	1.296422e+01
5.214295371259999e-06	2.592842e+00	7.313171e+00	1.296422e+01
5.215295371259999e-06	2.592842e+00	7.313171e+00	1.296422e+01
5.216200000000000e-06	2.592842e+00	7.313175e+00	1.296423e+01
5.216290462874000e-06	2.592846e+00	7.313280e+00	1.296455e+01
5.216471388622000e-06	2.592854e+00	7.313515e+00	1.296525e+01
5.216833240118001e-06	2.592888e+00	7.313992e+00	1.296667e+01
5.217556943110002e-06	2.593006e+00	7.314873e+00	1.296928e+01
5.218556943110001e-06	2.593254e+00	7.315945e+00	1.297247e+01
5.219556943110002e-06	2.593559e+00	7.316860e+00	1.297519e+01
5.220556943110001e-06	2.593910e+00	7.317600e+00	1.297740e+01
5.221556943110001e-06	2.594265e+00	7.318195e+00	1.297915e+01
5.222100000000000e-06	2.594456e+00	7.318422e+00	1.297983e+01
5.223100000000000e-06	2.594788e+00	7.318712e+00	1.298069e+01
5.223200000000000e-06	2.594814e+00	7.318602e+00	1.298036e+01
5.223400000000000e-06	2.594864e+00	7.318354e+00	1.297962e+01
5.223800000000000e-06	2.594929e+00	7.317827e+00	1.297805e+01
5.224600000000000e-06	2.594967e+00	7.316740e+00	1.297482e+01
5.225600000000000e-06	2.594872e+00	7.315300e+00	1.297055e+01
5.226600000000000e-06	2.594620e+00	7.313704e+00	1.296581e+01
5.227600000000000e-06	2.594208e+00	7.311827e+00	1.296022e+01
5.228600000000000e-06	2.593620e+00	7.309439e+00	1.295311e+01
5.229600000000000e-06	2.592800e+00	7.306042e+00	1.294300e+01
5.230600000000000e-06	2.591576e+00	7.300035e+00	1.292513e+01
5.231600000000000e-06	2.588825e+00	7.276855e+00	1.285606e+01
5.232600000000000e-06	2.583424e+00	7.221050e+00	1.268969e+01
5.232725000000000e-06	2.582176e+00	7.207823e+00	1.265032e+01
5.232975000000000e-06	2.578285e+00	7.171469e+00	1.254218e+01
5.233475000000000e-06	2.566372e+00	7.085272e+00	1.228587e+01
5.234475000000000e-06	2.530697e+00	6.849840e+00	1.158580e+01
5.234984475734271e-06	2.504112e+00	6.686790e+00	1.110155e+01
5.235384141561988e-06	2.476784e+00	6.568180e+00	1.075059e+01
5.235755160145077e-06	2.448208e+00	6.471315e+00	1.046389e+01
5.236041363865173e-06	2.423779e+00	6.356443e+00	1.012233e+01
5.236324024613240e-06	2.394741e+00	6.168232e+00	9.562920e+00
5.236724099629271e-06	2.340378e+00	5.728315e+00	8.257038e+00
5.237126825319576e-06	2.255611e+00	4.932915e+00	5.904231e+00
5.237663603043629e-06	2.076542e+00	3.173145e+00	7.307174e-01
5.238035234218638e-06	1.902748e+00	1.459820e+00	-4.275395e+00
5.238068293001301e-06	1.882980e+00	1.269463e+00	-4.827727e+00
5.238134410566626e-06	1.837254e+00	8.387909e-01	-6.069748e+00
5.238266645697276e-06	1.740524e+00	-6.560516e-02	-8.669447e+00
5.238267740121134e-06	1.739681e+00	-7.335281e-02	-8.691571e+00
5.238269928968850e-06	1.737938e+00	-8.916855e-02	-8.736588e+00
5.238274306664282e-06	1.734432e+00	-1.206970e-01	-8.826609e+00
5.238278769979857e-06	1.730827e+00	-1.527061e-01	-8.917922e+00
5.238283602087910e-06	1.726871e+00	-1.871758e-01	-9.016147e+00
5.238293266304016e-06	1.718807e+00	-2.557182e-01	-9.211268e+00
5.238304606202044e-06	1.709171e+00	-3.357162e-01	-9.438837e+00
5.238307063410199e-06	1.707047e+00	-3.507919e-01	-9.481242e+00
5.238311977826509e-06	1.702751e+00	-3.694115e-01	-9.531016e+00
5.238321806659129e-06	1.694130e+00	-3.857307e-01	-9.567394e+00
5.238341464324369e-06	1.676903e+00	-3.986931e-01	-9.580886e+00
5.238380779654849e-06	1.642754e+00	-4.044304e-01	-9.547071e+00
5.238457665346840e-06	1.577492e+00	-3.972855e-01	-9.426313e+00
5.238592572766490e-06	1.468239e+00	-3.779488e-01	-9.196817e+00
5.238862387605789e-06	1.268997e+00	-3.394051e-01	-8.746139e+00
5.239402017284389e-06	9.234810e-01	-2.698212e-01	-7.885351e+00
5.239998673940138e-06	6.074371e-01	-2.047157e-01	-6.991216e+00
5.240547921650365e-06	3.775711e-01	-1.565285e-01	-6.225876e+00
5.241142602739185e-06	1.845779e-01	-1.154594e-01	-5.455009e+00
5.241700803667946e-06	4.648590e-02	-8.560944e-02	-4.781093e+00
5.242288197373890e-06	-6.097794e-02	-6.189728e-02	-4.121114e+00
5.242850046894713e-06	-1.343803e-01	-4.521942e-02	-3.534432e+00
5.243433254482492e-06	-1.857948e-01	-3.295898e-02	-2.970708e+00
5.243998830864404e-06	-2.201233e-01	-2.362061e-02	-2.458906e+00
5.244244579907269e-06	-2.321014e-01	-1.999283e-02	-2.248906e+00
5.244488014171232e-06	-2.427101e-01	-1.698303e-02	-2.051011e+00
5.244590380240074e-06	-2.465363e-01	-1.593399e-02	-1.970663e+00
5.244691327341888e-06	-2.496605e-01	-1.503372e-02	-1.893792e+00
5.244838139577488e-06	-2.534828e-01	-1.388931e-02	-1.784868e+00
5.244975669806112e-06	-2.563286e-01	-1.296616e-02	-1.685897e+00
5.245148106637734e-06	-2.588654e-01	-1.202774e-02	-1.566553e+00
5.245361317827101e-06	-2.606239e-01	-1.115036e-02	-1.426158e+00
5.245624032259108e-06	-2.608528e-01	-1.047516e-02	-1.265474e+00
5.245988733438301e-06	-2.581329e-01	-1.016235e-02	-1.066610e+00
5.246514302769926e-06	-2.498436e-01	-1.061630e-02	-8.240213e-01
5.247093576348203e-06	-2.365494e-01	-1.197433e-02	-6.111192e-01
5.247721647023341e-06	-2.189445e-01	-1.412964e-02	-4.376520e-01
5.248352713359441e-06	-1.996918e-01	-1.667023e-02	-3.135109e-01
5.249178997823330e-06	-1.742935e-01	-2.014923e-02	-2.036640e-01
5.250025543603687e-06	-1.495056e-01	-2.360535e-02	-1.299762e-01
5.250775725059585e-06	-1.293983e-01	-2.642441e-02	-8.863686e-02
5.251524651392166e-06	-1.114655e-01	-2.893829e-02	-6.212643e-02
5.252276773760703e-06	-9.575272e-02	-3.112030e-02	-4.480431e-02
5.253276773760703e-06	-7.793427e-02	-3.357697e-02	-3.005047e-02
5.254276773760703e-06	-6.306458e-02	-3.559494e-02	-2.063681e-02
5.255276773760703e-06	-5.091095e-02	-3.721619e-02	-1.468866e-02
5.256276773760703e-06	-4.103851e-02	-3.850174e-02	-1.075172e-02
5.257276773760702e-06	-3.304291e-02	-3.951263e-02	-8.030288e-03
5.258276773760703e-06	-2.658844e-02	-4.030228e-02	-6.076866e-03
5.259276773760703e-06	-2.137756e-02	-4.091644e-02	-4.632537e-03
5.260276773760703e-06	-1.718140e-02	-4.138947e-02	-3.540820e-03
5.261276773760703e-06	-1.379776e-02	-4.175186e-02	-2.702720e-03
5.262276773760702e-06	-1.107788e-02	-4.201889e-02	-2.052636e-03
5.263276773760703e-06	-8.888245e-03	-4.222107e-02	-1.544911e-03
5.264276773760703e-06	-7.125854e-03	-4.236603e-02	-1.146797e-03
5.265276773760703e-06	-5.706787e-03	-4.246521e-02	-8.338010e-04
5.266276773760703e-06	-4.570007e-03	-4.252625e-02	-5.875166e-04
5.267276773760702e-06	-3.654480e-03	-4.256439e-02	-3.932612e-04
5.268276773760703e-06	-2.922058e-03	-4.257965e-02	-2.402884e-04
5.269276773760703e-06	-2.334595e-03	-4.257202e-02	-1.201802e-04
5.270276773760703e-06	-1.861572e-03	-4.255676e-02	-2.596492e-05
5.271276773760703e-06	-1.480103e-03	-4.253006e-02	4.771179e-05
5.272276773760703e-06	-1.171112e-03	-4.249573e-02	1.053099e-04
5.273276773760703e-06	-9.231567e-04	-4.245758e-02	1.507357e-04
5.274276773760702e-06	-7.247925e-04	-4.241180e-02	1.863584e-04
5.275276773760703e-06	-5.683899e-04	-4.236221e-02	2.143108e-04
5.276276773760703e-06	-4.425049e-04	-4.230499e-02	2.361138e-04
5.277276773760703e-06	-3.356934e-04	-4.225540e-02	2.531779e-04
5.278276773760703e-06	-2.555847e-04	-4.219437e-02	2.664326e-04
5.279276773760702e-06	-1.907349e-04	-4.213715e-02	2.768035e-04
5.280276773760703e-06	-1.373291e-04	-4.207611e-02	2.848348e-04
5.281276773760703e-06	-9.918213e-05	-4.201126e-02	2.911391e-04
5.282276773760703e-06	-6.103516e-05	-4.195404e-02	2.960166e-04
5.283276773760703e-06	-3.814697e-05	-4.188919e-02	2.998814e-04
5.284276773760703e-06	-1.525879e-05	-4.182816e-02	3.028812e-04
5.285276773760703e-06	0.000000e+00	-4.176331e-02	3.053052e-04
5.286276773760703e-06	1.525879e-05	-4.170227e-02	3.072070e-04
5.287276773760703e-06	2.670288e-05	-4.163742e-02	3.087977e-04
5.288276773760703e-06	3.814697e-05	-4.158020e-02	3.100736e-04
5.289276773760703e-06	4.577637e-05	-4.151535e-02	3.111967e-04
5.290276773760703e-06	4.959106e-05	-4.145050e-02	3.121290e-04
5.291276773760702e-06	5.340576e-05	-4.138565e-02	3.130019e-04
5.292276773760703e-06	5.722046e-05	-4.132462e-02	3.137572e-04
5.293276773760703e-06	6.103516e-05	-4.125977e-02	3.145069e-04
5.294276773760703e-06	6.103516e-05	-4.119110e-02	3.151818e-04
5.295276773760703e-06	6.484985e-05	-4.113007e-02	3.158812e-04
5.296276773760702e-06	6.484985e-05	-4.106522e-02	3.165301e-04
5.297276773760703e-06	6.866455e-05	-4.100037e-02	3.172199e-04
5.298276773760703e-06	6.866455e-05	-4.093552e-02	3.178728e-04
5.299276773760703e-06	6.866455e-05	-4.087067e-02	3.185747e-04
5.300276773760703e-06	6.866455e-05	-4.080200e-02	3.192471e-04
5.301276773760703e-06	6.866455e-05	-4.073715e-02	3.199721e-04
5.302276773760703e-06	6.866455e-05	-4.067230e-02	3.206717e-04
5.303276773760703e-06	6.866455e-05	-4.060745e-02	3.214249e-04
5.304276773760703e-06	6.866455e-05	-4.054260e-02	3.221548e-04
5.305276773760703e-06	6.866455e-05	-4.047394e-02	3.229381e-04
5.306276773760703e-06	6.866455e-05	-4.040909e-02	3.236993e-04
5.307276773760703e-06	6.866455e-05	-4.034042e-02	3.245131e-04
5.308276773760702e-06	6.866455e-05	-4.027557e-02	3.253056e-04
5.309276773760703e-06	6.866455e-05	-4.020691e-02	3.261497e-04
5.310276773760703e-06	6.866455e-05	-4.013824e-02	3.269731e-04
5.311276773760703e-06	6.866455e-05	-4.007339e-02	3.278472e-04
5.312276773760703e-06	6.866455e-05	-4.000854e-02	3.287010e-04
5.313276773760703e-06	6.866455e-05	-3.993988e-02	3.296048e-04
5.314276773760703e-06	6.866455e-05	-3.987122e-02	3.304889e-04
5.315276773760703e-06	6.866455e-05	-3.980255e-02	3.314221e-04
5.316276773760703e-06	6.866455e-05	-3.973389e-02	3.323365e-04
5.317276773760703e-06	6.866455e-05	-3.966904e-02	3.332993e-04
5.318276773760703e-06	6.866455e-05	-3.960037e-02	3.342442e-04
5.319276773760703e-06	6.866455e-05	-3.952789e-02	3.352370e-04
5.320276773760703e-06	7.247925e-05	-3.946304e-02	3.362127e-04
5.321276773760703e-06	7.247925e-05	-3.939438e-02	3.372359e-04
5.322276773760703e-06	7.247925e-05	-3.932571e-02	3.382431e-04
5.323276773760703e-06	7.247925e-05	-3.925705e-02	3.392975e-04
5.324276773760703e-06	7.247925e-05	-3.918839e-02	3.403370e-04
5.325276773760703e-06	7.247925e-05	-3.911972e-02	3.414235e-04
5.326276773760703e-06	7.247925e-05	-3.904724e-02	3.424961e-04
5.327276773760703e-06	7.247925e-05	-3.897858e-02	3.436157e-04
5.328276773760703e-06	7.247925e-05	-3.890610e-02	3.447225e-04
5.329276773760703e-06	7.629395e-05	-3.883743e-02	3.458763e-04
5.330276773760703e-06	8.773804e-05	-3.876877e-02	3.453035e-04
5.331276773760703e-06	9.918213e-05	-3.870392e-02	3.445131e-04
5.332276773760703e-06	1.068115e-04	-3.863144e-02	3.459210e-04
5.333276773760703e-06	1.106262e-04	-3.855896e-02	3.482293e-04
5.334276773760703e-06	1.144409e-04	-3.848648e-02	3.507023e-04
5.335276773760703e-06	1.182556e-04	-3.841782e-02	3.531540e-04
5.336276773760703e-06	1.220703e-04	-3.834534e-02	3.554298e-04
5.337276773760703e-06	1.220703e-04	-3.826904e-02	3.575687e-04
5.338276773760703e-06	1.220703e-04	-3.819656e-02	3.595208e-04
5.339276773760703e-06	1.220703e-04	-3.812408e-02	3.613675e-04
5.340276773760703e-06	1.220703e-04	-3.805161e-02	3.630755e-04
5.341276773760703e-06	1.220703e-04	-3.797913e-02	3.647262e-04
5.342276773760703e-06	1.220703e-04	-3.790283e-02	3.662840e-04
5.343276773760703e-06	1.220703e-04	-3.783035e-02	3.678231e-04
5.344276773760703e-06	1.220703e-04	-3.775787e-02	3.693030e-04
5.345276773760703e-06	1.182556e-04	-3.767776e-02	3.707911e-04
5.346276773760703e-06	1.182556e-04	-3.760147e-02	3.722433e-04
5.347276773760703e-06	1.182556e-04	-3.752899e-02	3.737216e-04
5.348276773760703e-06	1.144409e-04	-3.744888e-02	3.751799e-04
5.349276773760703e-06	1.144409e-04	-3.737259e-02	3.766760e-04
5.350276773760703e-06	1.144409e-04	-3.730011e-02	3.781629e-04
5.351276773760703e-06	1.144409e-04	-3.722382e-02	3.796955e-04
5.352276773760703e-06	1.106262e-04	-3.714371e-02	3.812264e-04
5.353276773760703e-06	1.106262e-04	-3.706741e-02	3.828082e-04
5.354276773760703e-06	1.106262e-04	-3.698730e-02	3.843937e-04
5.355276773760703e-06	1.106262e-04	-3.691101e-02	3.860337e-04
5.356276773760703e-06	1.068115e-04	-3.683090e-02	3.876815e-04
5.357276773760703e-06	1.068115e-04	-3.675079e-02	3.894486e-04
5.358276773760703e-06	1.068115e-04	-3.667450e-02	3.912376e-04
5.359276773760703e-06	1.029968e-04	-3.659058e-02	3.930099e-04
5.360276773760703e-06	1.029968e-04	-3.651047e-02	3.947648e-04
5.361276773760703e-06	1.029968e-04	-3.643036e-02	3.965127e-04
5.362276773760703e-06	1.029968e-04	-3.635025e-02	3.982678e-04
5.363276773760703e-06	1.029968e-04	-3.626633e-02	4.001601e-04
5.364276773760703e-06	1.029968e-04	-3.618622e-02	4.021064e-04
5.365276773760703e-06	1.029968e-04	-3.610229e-02	4.041306e-04
5.366276773760703e-06	9.918213e-05	-3.601837e-02	4.061806e-04
5.367276773760703e-06	9.918213e-05	-3.593445e-02	4.082958e-04
5.368276773760703e-06	9.918213e-05	-3.585052e-02	4.104330e-04
5.369276773760703e-06	9.918213e-05	-3.576660e-02	4.126343e-04
5.370276773760703e-06	9.918213e-05	-3.568268e-02	4.148597e-04
5.371276773760703e-06	9.918213e-05	-3.559875e-02	4.171513e-04
5.372276773760703e-06	9.918213e-05	-3.551102e-02	4.194699e-04
5.373276773760703e-06	9.918213e-05	-3.542709e-02	4.218573e-04
5.374276773760703e-06	9.918213e-05	-3.533936e-02	4.242752e-04
5.375276773760703e-06	9.918213e-05	-3.525162e-02	4.267644e-04
5.376276773760703e-06	9.918213e-05	-3.516388e-02	4.292876e-04
5.377276773760703e-06	9.918213e-05	-3.507996e-02	4.318849e-04
5.378276773760703e-06	9.918213e-05	-3.498840e-02	4.345197e-04
5.379276773760703e-06	9.918213e-05	-3.490067e-02	4.372315e-04
5.380276773760703e-06	9.918213e-05	-3.480911e-02	4.399844e-04
5.381276773760703e-06	9.918213e-05	-3.471756e-02	4.428174e-04
5.382276773760703e-06	9.918213e-05	-3.462601e-02	4.456954e-04
5.383276773760703e-06	9.918213e-05	-3.453445e-02	4.486569e-04
5.384276773760703e-06	9.918213e-05	-3.444290e-02	4.516675e-04
5.385276773760703e-06	9.918213e-05	-3.434753e-02	4.547650e-04
5.386276773760703e-06	9.918213e-05	-3.425598e-02	4.579163e-04
5.387276773760703e-06	9.918213e-05	-3.416061e-02	4.611585e-04
5.388276773760703e-06	9.918213e-05	-3.406525e-02	4.644592e-04
5.389276773760703e-06	9.918213e-05	-3.396606e-02	4.678550e-04
5.390276773760703e-06	9.918213e-05	-3.387070e-02	4.713146e-04
5.391276773760703e-06	9.918213e-05	-3.377533e-02	4.748743e-04
5.392276773760703e-06	9.918213e-05	-3.367615e-02	4.785032e-04
5.393276773760703e-06	1.029968e-04	-3.358078e-02	4.822374e-04
5.394276773760703e-06	1.029968e-04	-3.348160e-02	4.860472e-04
5.395276773760703e-06	1.029968e-04	-3.338242e-02	4.899679e-04
5.396276773760703e-06	1.029968e-04	-3.327942e-02	4.939709e-04
5.397276773760703e-06	1.068115e-04	-3.318024e-02	4.980913e-04
5.398276773760703e-06	1.068115e-04	-3.307724e-02	5.023012e-04
5.399276773760703e-06	1.068115e-04	-3.297043e-02	5.066357e-04
5.400276773760703e-06	1.068115e-04	-3.286743e-02	5.110677e-04
5.401276773760703e-06	1.068115e-04	-3.276062e-02	5.156322e-04
5.402276773760703e-06	1.068115e-04	-3.265381e-02	5.203030e-04
5.403276773760703e-06	1.068115e-04	-3.254318e-02	5.251150e-04
5.404276773760703e-06	1.068115e-04	-3.243256e-02	5.300430e-04
5.405276773760703e-06	1.068115e-04	-3.232574e-02	5.351219e-04
5.406276773760703e-06	1.068115e-04	-3.221130e-02	5.403276e-04
5.407276773760703e-06	1.106262e-04	-3.210449e-02	5.456948e-04
5.408276773760703e-06	1.106262e-04	-3.199005e-02	5.512009e-04
5.409276773760703e-06	1.144409e-04	-3.187943e-02	5.568806e-04
5.410276773760703e-06	1.144409e-04	-3.176117e-02	5.627123e-04
5.411276773760703e-06	1.144409e-04	-3.164291e-02	5.687310e-04
5.412276773760704e-06	1.144409e-04	-3.152466e-02	5.749166e-04
5.413276773760703e-06	1.144409e-04	-3.140259e-02	5.813044e-04
5.414276773760703e-06	1.144409e-04	-3.128052e-02	5.878754e-04
5.415276773760703e-06	1.182556e-04	-3.116226e-02	5.946656e-04
5.416276773760703e-06	1.182556e-04	-3.103638e-02	6.016577e-04
5.417276773760703e-06	1.220703e-04	-3.091431e-02	6.088880e-04
5.418276773760703e-06	1.220703e-04	-3.078461e-02	6.163411e-04
5.419276773760703e-06	1.220703e-04	-3.065491e-02	6.240543e-04
5.420276773760703e-06	1.220703e-04	-3.052521e-02	6.320139e-04
5.421276773760703e-06	1.258850e-04	-3.039932e-02	6.402581e-04
5.422276773760703e-06	1.258850e-04	-3.026199e-02	6.487755e-04
5.423276773760703e-06	1.296997e-04	-3.012848e-02	6.576058e-04
5.424276773760703e-06	1.296997e-04	-2.999115e-02	6.667398e-04
5.425276773760703e-06	1.296997e-04	-2.984619e-02	6.762190e-04
5.426276773760703e-06	1.335144e-04	-2.970886e-02	6.860369e-04
5.427276773760703e-06	1.335144e-04	-2.956390e-02	6.962371e-04
5.428276773760703e-06	1.373291e-04	-2.941895e-02	7.068162e-04
5.429276773760704e-06	1.373291e-04	-2.927017e-02	7.178206e-04
5.430276773760703e-06	1.411438e-04	-2.912140e-02	7.292506e-04
5.431276773760703e-06	1.411438e-04	-2.896500e-02	7.411557e-04
5.432276773760703e-06	1.449585e-04	-2.881241e-02	7.535408e-04
5.433276773760703e-06	1.449585e-04	-2.865219e-02	7.664592e-04
5.434276773760703e-06	1.487732e-04	-2.849197e-02	7.799212e-04
5.435276773760703e-06	1.525879e-04	-2.832794e-02	7.939851e-04
5.436276773760703e-06	1.525879e-04	-2.816010e-02	8.086674e-04
5.437276773760703e-06	1.564026e-04	-2.798843e-02	8.240329e-04
5.438276773760703e-06	1.602173e-04	-2.781677e-02	8.401058e-04
5.439276773760703e-06	1.602173e-04	-2.763748e-02	8.569587e-04
5.440276773760703e-06	1.640320e-04	-2.745438e-02	8.746254e-04
5.441276773760704e-06	1.678467e-04	-2.727127e-02	8.931883e-04
5.442276773760703e-06	1.678467e-04	-2.708054e-02	9.126936e-04
5.443276773760703e-06	1.754761e-04	-2.688980e-02	9.332363e-04
5.444276773760703e-06	1.754761e-04	-2.668762e-02	9.548776e-04
5.445276773760703e-06	1.831055e-04	-2.648926e-02	9.777291e-04
5.446276773760704e-06	1.831055e-04	-2.627563e-02	1.001872e-03
5.447276773760703e-06	1.907349e-04	-2.606583e-02	1.027438e-03
5.448276773760703e-06	1.907349e-04	-2.584076e-02	1.054535e-03
5.449276773760703e-06	1.983643e-04	-2.561951e-02	1.083324e-03
5.450276773760703e-06	2.021790e-04	-2.538300e-02	1.113945e-03
5.451276773760703e-06	2.059937e-04	-2.514267e-02	1.146597e-03
5.452276773760703e-06	2.136230e-04	-2.489853e-02	1.181468e-03
5.453276773760703e-06	2.174377e-04	-2.464294e-02	1.218808e-03
5.454276773760703e-06	2.250671e-04	-2.437973e-02	1.258866e-03
5.455276773760703e-06	2.288818e-04	-2.410126e-02	1.301968e-03
5.456276773760703e-06	2.365112e-04	-2.381897e-02	1.348451e-03
5.457276773760703e-06	2.441406e-04	-2.352524e-02	1.398745e-03
5.458276773760704e-06	2.555847e-04	-2.322006e-02	1.453315e-03
5.459276773760703e-06	2.632141e-04	-2.289963e-02	1.512745e-03
5.460276773760703e-06	2.746582e-04	-2.256775e-02	1.577690e-03
5.461276773760703e-06	2.822876e-04	-2.221680e-02	1.648968e-03
5.462276773760703e-06	2.975464e-04	-2.185059e-02	1.727527e-03
5.463276773760704e-06	3.051758e-04	-2.146149e-02	1.814551e-03
5.464276773760703e-06	3.204346e-04	-2.105713e-02	1.911464e-03
5.465276773760703e-06	3.356934e-04	-2.062225e-02	2.020053e-03
5.466276773760703e-06	3.547668e-04	-2.016449e-02	2.142538e-03
5.467276773760703e-06	3.738403e-04	-1.966858e-02	2.281764e-03
5.468276773760703e-06	3.929138e-04	-1.913834e-02	2.441386e-03
5.469276773760703e-06	4.158020e-04	-1.856613e-02	2.626218e-03
5.470276773760704e-06	4.425049e-04	-1.794052e-02	2.842713e-03
5.471276773760703e-06	4.730225e-04	-1.725769e-02	3.099709e-03
5.472276773760703e-06	5.111694e-04	-1.649857e-02	3.409697e-03
5.473276773760703e-06	5.531311e-04	-1.564407e-02	3.790790e-03
5.474276773760703e-06	6.027222e-04	-1.467133e-02	4.270485e-03
5.475276773760704e-06	6.675720e-04	-1.354599e-02	4.892109e-03
5.476276773760703e-06	7.476807e-04	-1.219940e-02	5.728628e-03
5.477276773760703e-06	8.544922e-04	-1.053619e-02	6.921598e-03
5.478276773760703e-06	9.994507e-04	-8.350372e-03	8.752562e-03
5.479276773760703e-06	1.216888e-03	-5.287170e-03	1.178448e-02
5.480276773760704e-06	1.552582e-03	-7.820129e-04	1.675996e-02
5.481276773760703e-06	2.033234e-03	4.898071e-03	2.215471e-02
5.482276773760704e-06	2.540588e-03	9.677887e-03	2.297298e-02
5.483276773760703e-06	2.841949e-03	1.173019e-02	1.703454e-02
5.484236151152270e-06	2.788544e-03	1.138306e-02	8.578867e-03
5.485236151152269e-06	2.410889e-03	9.773254e-03	8.837021e-04
5.486210108030938e-06	1.861572e-03	7.717133e-03	-4.333054e-03
5.487210108030937e-06	1.243591e-03	5.558014e-03	-7.333471e-03
5.488210108030937e-06	6.675720e-04	3.616333e-03	-8.443242e-03
5.489210108030938e-06	1.907349e-04	2.002716e-03	-8.276192e-03
5.490210108030937e-06	-1.678467e-04	7.286072e-04	-7.393238e-03
5.491210108030938e-06	-4.119873e-04	-2.288818e-04	-6.191499e-03
5.492210108030937e-06	-5.569458e-04	-9.193420e-04	-4.924440e-03
5.493210108030938e-06	-6.217957e-04	-1.384735e-03	-3.723263e-03
5.494210108030938e-06	-6.256104e-04	-1.663208e-03	-2.632839e-03
5.495210108030937e-06	-5.836487e-04	-1.781464e-03	-1.675467e-03
5.496210108030938e-06	-5.149841e-04	-1.762390e-03	-8.518721e-04
5.497210108030937e-06	-4.310608e-04	-1.632690e-03	-1.559872e-04
5.498210108030938e-06	-3.395081e-04	-1.419067e-03	4.129286e-04
5.499210108030937e-06	-2.441406e-04	-1.144409e-03	8.541102e-04
5.500210108030937e-06	-1.525879e-04	-8.392334e-04	1.166063e-03
5.501210108030938e-06	-6.866455e-05	-5.302429e-04	1.348578e-03
5.502210108030937e-06	0.000000e+00	-2.365112e-04	1.406304e-03
5.503210108030938e-06	5.722046e-05	2.288818e-05	1.351410e-03
5.504210108030937e-06	9.918213e-05	2.288818e-04	1.204114e-03
5.505210108030938e-06	1.220703e-04	3.776550e-04	9.913838e-04
5.506210108030938e-06	1.335144e-04	4.692078e-04	7.428270e-04
5.507210108030937e-06	1.296997e-04	5.073547e-04	4.870515e-04
5.508210108030938e-06	1.182556e-04	5.035400e-04	2.476339e-04
5.509210108030937e-06	9.918213e-05	4.653931e-04	4.165216e-05
5.510210108030938e-06	7.629395e-05	4.043579e-04	-1.211878e-04
5.511210108030938e-06	5.340576e-05	3.280640e-04	-2.374407e-04
5.512210108030937e-06	3.433228e-05	2.479553e-04	-3.087913e-04
5.513210108030938e-06	1.525879e-05	1.716614e-04	-3.402938e-04
5.514210108030937e-06	-3.814697e-06	1.068115e-04	-3.390090e-04
5.515210108030938e-06	-1.525879e-05	4.577637e-05	-3.127904e-04
5.516210108030938e-06	-2.288818e-05	3.814697e-06	-2.694006e-04
5.517210108030937e-06	-3.051758e-05	-2.288818e-05	-2.159889e-04
5.518210108030938e-06	-3.051758e-05	-4.577637e-05	-1.586779e-04
5.519210108030937e-06	-3.051758e-05	-4.959106e-05	-1.024730e-04
5.520210108030938e-06	-2.670288e-05	-4.959106e-05	-5.113790e-05
5.521210108030937e-06	-2.288818e-05	-4.196167e-05	-7.292074e-06
5.522210108030938e-06	-1.525879e-05	-3.051758e-05	2.754795e-05
5.523210108030938e-06	-1.144409e-05	-1.144409e-05	5.280913e-05
5.524210108030937e-06	-7.629395e-06	7.629395e-06	6.871523e-05
5.525210108030938e-06	-3.814697e-06	2.670288e-05	7.611822e-05
5.526210108030937e-06	0.000000e+00	3.814697e-05	7.629237e-05
5.527210108030938e-06	3.814697e-06	4.959106e-05	7.079085e-05
5.528210108030938e-06	7.629395e-06	5.722046e-05	6.123515e-05
5.529210108030937e-06	7.629395e-06	6.866455e-05	4.922727e-05
5.530210108030938e-06	7.629395e-06	7.247925e-05	3.618363e-05
5.531210108030937e-06	7.629395e-06	7.629395e-05	2.331727e-05
5.532210108030938e-06	7.629395e-06	7.247925e-05	1.153952e-05
5.533210108030938e-06	3.814697e-06	7.247925e-05	1.502947e-06
5.534210108030938e-06	3.814697e-06	6.866455e-05	-6.435537e-06
5.535210108030938e-06	3.814697e-06	6.484985e-05	-1.213629e-05
5.536210108030937e-06	3.814697e-06	6.103516e-05	-1.567565e-05
5.537210108030938e-06	0.000000e+00	5.722046e-05	-1.725904e-05
5.538210108030937e-06	0.000000e+00	5.340576e-05	-1.720652e-05
5.539210108030938e-06	0.000000e+00	4.959106e-05	-1.587601e-05
5.540210108030938e-06	0.000000e+00	4.577637e-05	-1.365341e-05
5.541210108030937e-06	0.000000e+00	4.577637e-05	-1.089399e-05
5.542210108030938e-06	0.000000e+00	4.577637e-05	-7.925788e-06
5.543210108030937e-06	0.000000e+00	4.577637e-05	-5.008907e-06
5.544210108030938e-06	0.000000e+00	4.577637e-05	-2.353852e-06
5.545210108030938e-06	0.000000e+00	4.577637e-05	-9.412906e-08
5.546210108030937e-06	0.000000e+00	4.577637e-05	1.683507e-06
5.547210108030938e-06	0.000000e+00	4.577637e-05	2.958950e-06
5.548210108030937e-06	0.000000e+00	4.577637e-05	3.741370e-06
5.549210108030938e-06	0.000000e+00	4.959106e-05	4.086938e-06
5.550210108030938e-06	0.000000e+00	4.959106e-05	4.059206e-06
5.551210108030938e-06	0.000000e+00	5.340576e-05	3.748304e-06
5.552210108030938e-06	0.000000e+00	5.340576e-05	3.232763e-06
5.553210108030937e-06	0.000000e+00	5.340576e-05	2.601973e-06
5.554210108030938e-06	0.000000e+00	5.340576e-05	1.921479e-06
5.555210108030937e-06	0.000000e+00	5.340576e-05	1.258883e-06
5.556210108030938e-06	0.000000e+00	5.340576e-05	6.530354e-07
5.557210108030938e-06	0.000000e+00	5.340576e-05	1.425178e-07
5.558210108030937e-06	0.000000e+00	5.340576e-05	-2.619126e-07
5.559210108030938e-06	0.000000e+00	5.340576e-05	-5.476068e-07
5.560210108030937e-06	0.000000e+00	5.340576e-05	-7.254675e-07
5.561210108030938e-06	0.000000e+00	4.959106e-05	-8.001916e-07
5.562210108030938e-06	0.000000e+00	4.959106e-05	-7.947601e-07
5.563210108030938e-06	0.000000e+00	4.959106e-05	-7.215276e-07
5.564210108030938e-06	0.000000e+00	4.959106e-05	-6.065784e-07
5.565210108030937e-06	0.000000e+00	4.959106e-05	-4.620597e-07
5.566210108030938e-06	0.000000e+00	4.959106e-05	-3.108653e-07
5.567210108030938e-06	0.000000e+00	4.959106e-05	-1.602202e-07
5.568210108030938e-06	0.000000e+00	4.959106e-05	-2.679371e-08
5.569210108030938e-06	0.000000e+00	5.340576e-05	8.867937e-08
5.570210108030937e-06	0.000000e+00	5.340576e-05	1.760327e-07
5.571210108030938e-06	0.000000e+00	5.340576e-05	2.402667e-07
5.572210108030937e-06	0.000000e+00	5.340576e-05	2.762081e-07
5.573210108030938e-06	0.000000e+00	5.340576e-05	2.926554e-07
5.574210108030938e-06	0.000000e+00	5.340576e-05	2.872566e-07
5.575210108030937e-06	0.000000e+00	5.340576e-05	2.703910e-07
5.576210108030938e-06	0.000000e+00	5.340576e-05	2.404904e-07
5.577210108030937e-06	0.000000e+00	5.340576e-05	2.077504e-07
5.578210108030938e-06	0.000000e+00	5.340576e-05	1.699664e-07
5.579210108030938e-06	0.000000e+00	5.340576e-05	1.360950e-07
5.580210108030938e-06	0.000000e+00	5.340576e-05	1.026165e-07
5.581210108030938e-06	0.000000e+00	5.340576e-05	7.689414e-08
5.582210108030937e-06	0.000000e+00	5.340576e-05	5.404036e-08
5.583210108030938e-06	0.000000e+00	5.340576e-05	4.001959e-08
5.584210108030938e-06	0.000000e+00	5.340576e-05	2.892011e-08
5.585210108030938e-06	0.000000e+00	5.340576e-05	2.574416e-08
5.586210108030938e-06	0.000000e+00	5.340576e-05	2.405250e-08
5.587210108030937e-06	0.000000e+00	4.959106e-05	2.839624e-08
5.588210108030938e-06	0.000000e+00	4.959106e-05	3.226523e-08
5.589210108030937e-06	0.000000e+00	4.959106e-05	4.015783e-08
5.590210108030938e-06	0.000000e+00	4.959106e-05	4.581671e-08
5.591210108030938e-06	0.000000e+00	4.959106e-05	5.392576e-08
5.592210108030938e-06	0.000000e+00	4.959106e-05	5.862603e-08
5.593210108030938e-06	0.000000e+00	5.340576e-05	6.486152e-08
5.594210108030937e-06	0.000000e+00	5.340576e-05	6.718619e-08
5.595210108030938e-06	0.000000e+00	5.340576e-05	7.076596e-08
5.596210108030938e-06	0.000000e+00	5.340576e-05	7.047856e-08
5.597210108030938e-06	0.000000e+00	5.340576e-05	7.161179e-08
5.598210108030938e-06	0.000000e+00	5.340576e-05	6.925620e-08
5.599210108030937e-06	0.000000e+00	5.340576e-05	6.870687e-08
5.600210108030938e-06	0.000000e+00	5.340576e-05	6.516166e-08
5.601210108030938e-06	0.000000e+00	5.340576e-05	6.382834e-08
5.602210108030938e-06	0.000000e+00	5.340576e-05	5.994116e-08
5.603210108030938e-06	0.000000e+00	5.340576e-05	5.858055e-08
5.604210108030938e-06	0.000000e+00	5.340576e-05	5.497895e-08
5.605210108030938e-06	0.000000e+00	5.340576e-05	5.406218e-08
5.606210108030937e-06	0.000000e+00	5.340576e-05	5.105721e-08
5.607210108030938e-06	0.000000e+00	5.340576e-05	5.074980e-08
5.608210108030938e-06	0.000000e+00	5.340576e-05	4.838694e-08
5.609210108030938e-06	0.000000e+00	5.340576e-05	4.864341e-08
5.610210108030938e-06	0.000000e+00	5.340576e-05	4.679896e-08
5.611210108030937e-06	0.000000e+00	5.340576e-05	4.744106e-08
5.612210108030938e-06	0.000000e+00	5.340576e-05	4.591311e-08
5.613210108030938e-06	0.000000e+00	5.340576e-05	4.673348e-08
5.614210108030938e-06	0.000000e+00	5.340576e-05	4.532558e-08
5.615210108030938e-06	0.000000e+00	5.340576e-05	4.615686e-08
5.616210108030937e-06	0.000000e+00	5.340576e-05	4.472895e-08
5.617210108030938e-06	0.000000e+00	5.340576e-05	4.546200e-08
5.618210108030938e-06	0.000000e+00	5.340576e-05	4.394315e-08
5.619210108030938e-06	0.000000e+00	4.959106e-05	4.454159e-08
5.620210108030938e-06	0.000000e+00	4.959106e-05	4.292087e-08
5.621210108030938e-06	0.000000e+00	4.959106e-05	4.339563e-08
5.622210108030938e-06	0.000000e+00	4.959106e-05	4.170033e-08
5.623210108030937e-06	0.000000e+00	4.959106e-05	4.209141e-08
5.624210108030938e-06	0.000000e+00	4.959106e-05	4.036883e-08
5.625210108030938e-06	0.000000e+00	4.959106e-05	4.072535e-08
5.626210108030938e-06	0.000000e+00	4.959106e-05	3.901914e-08
5.627210108030938e-06	0.000000e+00	5.340576e-05	3.937748e-08
5.628210108030937e-06	0.000000e+00	5.340576e-05	3.771493e-08
5.629210108030938e-06	0.000000e+00	5.340576e-05	3.809691e-08
5.630210108030938e-06	0.000000e+00	5.340576e-05	3.649620e-08
5.631210108030938e-06	0.000000e+00	5.340576e-05	3.691093e-08
5.632210108030938e-06	0.000000e+00	5.340576e-05	3.536843e-08
5.633210108030938e-06	0.000000e+00	5.340576e-05	3.581226e-08
5.634210108030938e-06	0.000000e+00	5.340576e-05	3.432797e-08
5.635210108030938e-06	0.000000e+00	5.340576e-05	3.479363e-08
5.636210108030938e-06	0.000000e+00	5.340576e-05	3.335117e-08
5.637210108030938e-06	0.000000e+00	5.340576e-05	3.382775e-08
5.638210108030938e-06	0.000000e+00	5.340576e-05	3.241985e-08
5.639210108030938e-06	0.000000e+00	5.340576e-05	3.289460e-08
5.640210108030938e-06	0.000000e+00	5.340576e-05	3.150853e-08
5.641210108030938e-06	0.000000e+00	5.340576e-05	3.197783e-08
5.642210108030938e-06	0.000000e+00	5.340576e-05	3.061359e-08
5.643210108030938e-06	0.000000e+00	5.340576e-05	3.107561e-08
5.644210108030938e-06	0.000000e+00	5.340576e-05	2.973138e-08
5.645210108030937e-06	0.000000e+00	5.340576e-05	3.018977e-08
5.646210108030938e-06	0.000000e+00	5.340576e-05	2.886736e-08
5.647210108030938e-06	0.000000e+00	5.340576e-05	2.931847e-08
5.648210108030938e-06	0.000000e+00	5.340576e-05	2.801789e-08
5.649210108030938e-06	0.000000e+00	5.340576e-05	2.846718e-08
5.650210108030938e-06	0.000000e+00	5.340576e-05	2.719025e-08
5.651210108030938e-06	0.000000e+00	5.340576e-05	2.763954e-08
5.652210108030938e-06	0.000000e+00	5.340576e-05	2.638808e-08
5.653210108030938e-06	0.000000e+00	5.340576e-05	2.683737e-08
5.654210108030938e-06	0.000000e+00	5.340576e-05	2.561137e-08
5.655210108030938e-06	0.000000e+00	5.340576e-05	2.606066e-08
5.656210108030938e-06	0.000000e+00	5.340576e-05	2.486013e-08
5.657210108030938e-06	0.000000e+00	5.340576e-05	2.531124e-08
5.658210108030938e-06	0.000000e+00	5.340576e-05	2.413617e-08
5.659210108030938e-06	0.000000e+00	5.340576e-05	2.458546e-08
5.660210108030938e-06	0.000000e+00	5.340576e-05	2.343040e-08
5.661210108030938e-06	0.000000e+00	4.959106e-05	2.387969e-08
5.662210108030938e-06	0.000000e+00	4.959106e-05	2.275010e-08
5.663210108030938e-06	0.000000e+00	4.959106e-05	2.319757e-08
5.664210108030938e-06	0.000000e+00	4.959106e-05	2.208799e-08
5.665210108030938e-06	0.000000e+00	4.959106e-05	2.253364e-08
5.666210108030938e-06	0.000000e+00	4.959106e-05	2.144407e-08
5.667210108030938e-06	0.000000e+00	4.959106e-05	2.188608e-08
5.668210108030938e-06	0.000000e+00	4.959106e-05	2.081833e-08
5.669210108030938e-06	0.000000e+00	4.959106e-05	2.126035e-08
5.670210108030938e-06	0.000000e+00	4.959106e-05	2.021079e-08
5.671210108030938e-06	0.000000e+00	5.340576e-05	2.064917e-08
5.672210108030938e-06	0.000000e+00	5.340576e-05	1.961962e-08
5.673210108030938e-06	0.000000e+00	5.340576e-05	2.005618e-08
5.674210108030938e-06	0.000000e+00	5.340576e-05	1.904664e-08
5.675210108030938e-06	0.000000e+00	5.340576e-05	1.948138e-08
5.676210108030938e-06	0.000000e+00	5.340576e-05	1.849185e-08
5.677210108030938e-06	0.000000e+00	5.340576e-05	1.892477e-08
5.678210108030938e-06	0.000000e+00	5.340576e-05	1.795161e-08
5.679210108030938e-06	0.000000e+00	5.340576e-05	1.838089e-08
5.680210108030938e-06	0.000000e+00	5.340576e-05	1.742774e-08
5.681210108030938e-06	0.000000e+00	5.340576e-05	1.785702e-08
5.682210108030938e-06	0.000000e+00	5.340576e-05	1.692206e-08
5.683210108030938e-06	0.000000e+00	5.340576e-05	1.734588e-08
5.684210108030938e-06	0.000000e+00	5.340576e-05	1.642547e-08
5.685210108030938e-06	0.000000e+00	5.340576e-05	1.684930e-08
5.686210108030938e-06	0.000000e+00	5.340576e-05	1.594890e-08
5.687210108030938e-06	0.000000e+00	5.340576e-05	1.636727e-08
5.688210108030938e-06	0.000000e+00	5.340576e-05	1.548142e-08
5.689210108030938e-06	0.000000e+00	5.340576e-05	1.589979e-08
5.690210108030938e-06	0.000000e+00	5.340576e-05	1.503031e-08
5.691210108030938e-06	0.000000e+00	5.340576e-05	1.544322e-08
5.692210108030938e-06	0.000000e+00	5.340576e-05	1.459193e-08
5.693210108030938e-06	0.000000e+00	5.340576e-05	1.500484e-08
5.694210108030938e-06	0.000000e+00	5.340576e-05	1.416811e-08
5.695210108030938e-06	0.000000e+00	5.340576e-05	1.457556e-08
5.696210108030938e-06	0.000000e+00	5.340576e-05	1.375156e-08
5.697210108030938e-06	0.000000e+00	5.340576e-05	1.415719e-08
5.698210108030938e-06	0.000000e+00	5.340576e-05	1.335320e-08
5.699210108030938e-06	0.000000e+00	5.340576e-05	1.375702e-08
5.700210108030938e-06	0.000000e+00	5.340576e-05	1.296394e-08
5.701210108030938e-06	0.000000e+00	5.340576e-05	1.336230e-08
5.702210108030938e-06	0.000000e+00	5.340576e-05	1.258377e-08
5.703210108030938e-06	0.000000e+00	5.340576e-05	1.298031e-08
5.704210108030938e-06	0.000000e+00	5.340576e-05	1.221815e-08
5.705210108030938e-06	0.000000e+00	5.340576e-05	1.261287e-08
5.706210108030938e-06	0.000000e+00	5.340576e-05	1.186345e-08
5.707210108030938e-06	0.000000e+00	5.340576e-05	1.225271e-08
5.708210108030938e-06	0.000000e+00	5.340576e-05	1.151602e-08
5.709210108030938e-06	0.000000e+00	5.340576e-05	1.190347e-08
5.710210108030938e-06	0.000000e+00	5.340576e-05	1.117951e-08
5.711210108030938e-06	0.000000e+00	5.340576e-05	1.156150e-08
5.712210108030938e-06	0.000000e+00	5.340576e-05	1.085209e-08
5.713210108030938e-06	0.000000e+00	5.340576e-05	1.123408e-08
5.714210108030938e-06	0.000000e+00	5.340576e-05	1.053741e-08
5.715210108030938e-06	0.000000e+00	5.340576e-05	1.091576e-08
5.716210108030938e-06	0.000000e+00	5.340576e-05	1.023182e-08
5.717210108030938e-06	0.000000e+00	5.340576e-05	1.060471e-08
5.718210108030938e-06	0.000000e+00	5.340576e-05	9.931682e-09
5.719210108030938e-06	0.000000e+00	4.959106e-05	1.030276e-08
5.720210108030938e-06	0.000000e+00	4.959106e-05	9.642463e-09
5.721210108030938e-06	0.000000e+00	4.959106e-05	1.001172e-08
5.722210108030938e-06	0.000000e+00	4.959106e-05	9.364157e-09
5.723210108030938e-06	0.000000e+00	4.959106e-05	9.727955e-09
5.724210108030938e-06	0.000000e+00	4.959106e-05	9.091309e-09
5.725210108030938e-06	0.000000e+00	4.959106e-05	9.451469e-09
5.726210108030938e-06	0.000000e+00	4.959106e-05	8.823918e-09
5.727210108030938e-06	0.000000e+00	4.959106e-05	9.182259e-09
5.728210108030938e-06	0.000000e+00	4.959106e-05	8.569259e-09
5.729210108030938e-06	0.000000e+00	4.959106e-05	8.923962e-09
5.730210108030938e-06	0.000000e+00	4.959106e-05	8.320058e-09
5.731210108030938e-06	0.000000e+00	4.959106e-05	8.671122e-09
5.732210108030938e-06	0.000000e+00	4.959106e-05	8.076313e-09
5.733210108030938e-06	0.000000e+00	5.340576e-05	8.421921e-09
5.734210108030938e-06	0.000000e+00	5.340576e-05	7.839844e-09
5.735210108030938e-06	0.000000e+00	5.340576e-05	8.185452e-09
5.736210108030938e-06	0.000000e+00	5.340576e-05	7.612471e-09
5.737210108030938e-06	0.000000e+00	5.340576e-05	7.952622e-09
5.738210108030938e-06	0.000000e+00	5.340576e-05	7.390554e-09
5.739210108030938e-06	0.000000e+00	5.340576e-05	7.728886e-09
5.740210108030938e-06	0.000000e+00	5.340576e-05	7.175913e-09
5.741210108030938e-06	0.000000e+00	5.340576e-05	7.508788e-09
5.742210108030938e-06	0.000000e+00	5.340576e-05	6.964910e-09
5.743210108030938e-06	0.000000e+00	5.340576e-05	7.295966e-09
5.744210108030938e-06	0.000000e+00	5.340576e-05	6.763003e-09
5.745210108030938e-06	0.000000e+00	5.340576e-05	7.090421e-09
5.746210108030938e-06	0.000000e+00	5.340576e-05	6.564733e-09
5.747210108030938e-06	0.000000e+00	5.340576e-05	6.888513e-09
5.748210108030938e-06	0.000000e+00	5.340576e-05	6.373739e-09
5.749210108030938e-06	0.000000e+00	5.340576e-05	6.695700e-09
5.750210108030938e-06	0.000000e+00	5.340576e-05	6.190021e-09
5.751210108030938e-06	0.000000e+00	5.340576e-05	6.506525e-09
5.752210108030938e-06	0.000000e+00	5.340576e-05	6.008122e-09
5.753210108030938e-06	0.000000e+00	5.340576e-05	6.322807e-09
5.754210108030938e-06	0.000000e+00	5.340576e-05	5.835318e-09
5.755210108030938e-06	0.000000e+00	5.340576e-05	6.146365e-09
5.756210108030938e-06	0.000000e+00	5.340576e-05	5.664333e-09
5.757210108030938e-06	0.000000e+00	5.340576e-05	5.971742e-09
5.758210108030938e-06	0.000000e+00	5.340576e-05	5.498805e-09
5.759210108030938e-06	0.000000e+00	5.340576e-05	5.802576e-09
5.760210108030938e-06	0.000000e+00	5.340576e-05	5.338734e-09
5.761210108030939e-06	0.000000e+00	5.340576e-05	5.640686e-09
5.762210108030938e-06	0.000000e+00	5.340576e-05	5.185939e-09
5.763210108030938e-06	0.000000e+00	5.340576e-05	5.484253e-09
5.764210108030938e-06	0.000000e+00	5.340576e-05	5.034963e-09
5.765210108030938e-06	0.000000e+00	5.340576e-05	5.329639e-09
5.766210108030938e-06	0.000000e+00	5.340576e-05	4.887625e-09
5.767210108030938e-06	0.000000e+00	5.340576e-05	5.176844e-09
5.768210108030938e-06	0.000000e+00	5.340576e-05	4.743924e-09
5.769210108030938e-06	0.000000e+00	5.340576e-05	5.033144e-09
5.770210108030938e-06	0.000000e+00	5.340576e-05	4.605681e-09
5.771210108030938e-06	0.000000e+00	5.340576e-05	4.889444e-09
5.772210108030938e-06	0.000000e+00	5.340576e-05	4.471076e-09
5.773210108030938e-06	0.000000e+00	5.340576e-05	4.754838e-09
5.774210108030938e-06	0.000000e+00	5.340576e-05	4.343747e-09
5.775210108030938e-06	0.000000e+00	5.340576e-05	4.622052e-09
5.776210108030938e-06	0.000000e+00	5.340576e-05	4.218236e-09
5.777210108030938e-06	0.000000e+00	5.340576e-05	4.494723e-09
5.778210108030939e-06	0.000000e+00	5.340576e-05	4.096364e-09
5.779210108030938e-06	0.000000e+00	5.340576e-05	4.367394e-09
5.780210108030938e-06	0.000000e+00	5.340576e-05	3.974492e-09
5.781210108030938e-06	0.000000e+00	5.340576e-05	4.243702e-09
5.782210108030938e-06	0.000000e+00	5.340576e-05	3.859896e-09
5.783210108030939e-06	0.000000e+00	5.340576e-05	4.125468e-09
5.784210108030938e-06	0.000000e+00	5.340576e-05	3.747118e-09
5.785210108030938e-06	0.000000e+00	5.340576e-05	4.010872e-09
5.786210108030938e-06	0.000000e+00	5.340576e-05	3.637979e-09
5.787210108030938e-06	0.000000e+00	5.340576e-05	3.898094e-09
5.788210108030938e-06	0.000000e+00	5.340576e-05	3.532477e-09
5.789210108030938e-06	0.000000e+00	5.340576e-05	3.788955e-09
5.790210108030939e-06	0.000000e+00	5.340576e-05	3.428795e-09
5.791210108030938e-06	0.000000e+00	5.340576e-05	3.683454e-09
5.792210108030938e-06	0.000000e+00	5.340576e-05	3.330570e-09
5.793210108030938e-06	0.000000e+00	5.340576e-05	3.581590e-09
5.794210108030938e-06	0.000000e+00	5.340576e-05	3.232344e-09
5.795210108030939e-06	0.000000e+00	5.340576e-05	3.479727e-09
5.796210108030938e-06	0.000000e+00	5.340576e-05	3.137757e-09
5.797210108030938e-06	0.000000e+00	5.340576e-05	3.383320e-09
5.798210108030938e-06	0.000000e+00	5.340576e-05	3.048626e-09
5.799210108030938e-06	0.000000e+00	5.340576e-05	3.292371e-09
5.800210108030939e-06	0.000000e+00	5.340576e-05	2.961315e-09
5.801210108030938e-06	0.000000e+00	5.340576e-05	3.199602e-09
5.802210108030938e-06	0.000000e+00	5.340576e-05	2.872184e-09
5.803210108030938e-06	0.000000e+00	5.340576e-05	3.108653e-09
5.804210108030938e-06	0.000000e+00	5.340576e-05	2.790330e-09
5.805210108030938e-06	0.000000e+00	5.340576e-05	3.024979e-09
5.806210108030938e-06	0.000000e+00	5.340576e-05	2.710294e-09
5.807210108030939e-06	0.000000e+00	5.340576e-05	2.941306e-09
5.808210108030938e-06	0.000000e+00	5.340576e-05	2.632078e-09
5.809210108030938e-06	0.000000e+00	5.340576e-05	2.861270e-09
5.810210108030938e-06	0.000000e+00	5.340576e-05	2.555680e-09
5.811210108030938e-06	0.000000e+00	5.340576e-05	2.779416e-09
5.812210108030939e-06	0.000000e+00	5.340576e-05	2.481102e-09
5.813210108030938e-06	0.000000e+00	4.959106e-05	2.704837e-09
5.814210108030938e-06	0.000000e+00	4.959106e-05	2.408342e-09
5.815210108030938e-06	0.000000e+00	4.959106e-05	2.626621e-09
5.816210108030938e-06	0.000000e+00	4.959106e-05	2.337401e-09
5.817210108030939e-06	0.000000e+00	4.959106e-05	2.555680e-09
5.818210108030938e-06	0.000000e+00	4.959106e-05	2.270099e-09
5.819210108030939e-06	0.000000e+00	4.959106e-05	2.484740e-09
5.820210108030938e-06	0.000000e+00	4.959106e-05	2.204615e-09
5.821210108030938e-06	0.000000e+00	4.959106e-05	2.417437e-09
5.822210108030938e-06	0.000000e+00	4.959106e-05	2.142770e-09
5.823210108030938e-06	0.000000e+00	4.959106e-05	2.351953e-09
5.824210108030939e-06	0.000000e+00	4.959106e-05	2.079105e-09
5.825210108030938e-06	0.000000e+00	4.959106e-05	2.286470e-09
5.826210108030938e-06	0.000000e+00	4.959106e-05	2.020897e-09
5.827210108030938e-06	0.000000e+00	4.959106e-05	2.224624e-09
5.828210108030938e-06	0.000000e+00	4.959106e-05	1.960871e-09
5.829210108030939e-06	0.000000e+00	4.959106e-05	2.162778e-09
5.830210108030938e-06	0.000000e+00	4.959106e-05	1.904482e-09
5.831210108030938e-06	0.000000e+00	4.959106e-05	2.104571e-09
5.832210108030938e-06	0.000000e+00	4.959106e-05	1.851731e-09
5.833210108030938e-06	0.000000e+00	4.959106e-05	2.048182e-09
5.834210108030939e-06	0.000000e+00	4.959106e-05	1.795343e-09
5.835210108030938e-06	0.000000e+00	4.959106e-05	1.988155e-09
5.836210108030939e-06	0.000000e+00	4.959106e-05	1.742592e-09
5.837210108030938e-06	0.000000e+00	5.340576e-05	1.935405e-09
5.838210108030938e-06	0.000000e+00	5.340576e-05	1.693479e-09
5.839210108030938e-06	0.000000e+00	5.340576e-05	1.882654e-09
5.840210108030938e-06	0.000000e+00	5.340576e-05	1.644366e-09
5.841210108030939e-06	0.000000e+00	5.340576e-05	1.831722e-09
5.842210108030938e-06	0.000000e+00	5.340576e-05	1.597073e-09
5.843210108030938e-06	0.000000e+00	5.340576e-05	1.780791e-09
5.844210108030938e-06	0.000000e+00	5.340576e-05	1.549779e-09
5.845210108030938e-06	0.000000e+00	5.340576e-05	1.733497e-09
5.846210108030939e-06	0.000000e+00	5.340576e-05	1.506123e-09
5.847210108030938e-06	0.000000e+00	5.340576e-05	1.684384e-09
5.848210108030939e-06	0.000000e+00	5.340576e-05	1.460648e-09
5.849210108030938e-06	0.000000e+00	5.340576e-05	1.638909e-09
5.850210108030938e-06	0.000000e+00	5.340576e-05	1.418812e-09
5.851210108030939e-06	0.000000e+00	5.340576e-05	1.595254e-09
5.852210108030938e-06	0.000000e+00	5.340576e-05	1.380613e-09
5.853210108030939e-06	0.000000e+00	5.340576e-05	1.553417e-09
5.854210108030938e-06	0.000000e+00	5.340576e-05	1.338776e-09
5.855210108030938e-06	0.000000e+00	5.340576e-05	1.509761e-09
5.856210108030938e-06	0.000000e+00	5.340576e-05	1.300577e-09
5.857210108030938e-06	0.000000e+00	5.340576e-05	1.469743e-09
5.858210108030939e-06	0.000000e+00	5.340576e-05	1.262379e-09
5.859210108030938e-06	0.000000e+00	5.340576e-05	1.427907e-09
5.860210108030939e-06	0.000000e+00	5.340576e-05	1.225999e-09
5.861210108030938e-06	0.000000e+00	5.340576e-05	1.391527e-09
5.862210108030938e-06	0.000000e+00	5.340576e-05	1.191438e-09
5.863210108030939e-06	0.000000e+00	5.340576e-05	1.355147e-09
5.864210108030938e-06	0.000000e+00	5.340576e-05	1.158696e-09
5.865210108030939e-06	0.000000e+00	5.340576e-05	1.316948e-09
5.866210108030938e-06	0.000000e+00	5.340576e-05	1.122316e-09
5.867210108030938e-06	0.000000e+00	5.340576e-05	1.280569e-09
5.868210108030939e-06	0.000000e+00	5.340576e-05	1.089575e-09
5.869210108030938e-06	0.000000e+00	5.340576e-05	1.246008e-09
5.870210108030939e-06	0.000000e+00	5.340576e-05	1.060471e-09
5.871210108030938e-06	0.000000e+00	5.340576e-05	1.215085e-09
5.872210108030938e-06	0.000000e+00	5.340576e-05	1.029548e-09
5.873210108030938e-06	0.000000e+00	5.340576e-05	1.182343e-09
5.874210108030938e-06	0.000000e+00	5.340576e-05	1.000444e-09
5.875210108030939e-06	0.000000e+00	5.340576e-05	1.149601e-09
5.876210108030938e-06	0.000000e+00	5.340576e-05	9.713403e-10
5.877210108030939e-06	0.000000e+00	5.340576e-05	1.120497e-09
5.878210108030938e-06	0.000000e+00	5.340576e-05	9.440555e-10
5.879210108030938e-06	0.000000e+00	5.340576e-05	1.089575e-09
5.880210108030939e-06	0.000000e+00	5.340576e-05	9.149517e-10
5.881210108030938e-06	0.000000e+00	5.340576e-05	1.058652e-09
5.882210108030939e-06	0.000000e+00	5.340576e-05	8.894858e-10
5.883210108030938e-06	0.000000e+00	5.340576e-05	1.033186e-09
5.884210108030938e-06	0.000000e+00	5.340576e-05	8.640200e-10
5.885210108030939e-06	0.000000e+00	5.340576e-05	1.004082e-09
5.886210108030938e-06	0.000000e+00	5.340576e-05	8.385541e-10
5.887210108030939e-06	0.000000e+00	5.340576e-05	9.767973e-10
5.888210108030938e-06	0.000000e+00	5.340576e-05	8.149073e-10
5.889210108030939e-06	0.000000e+00	5.340576e-05	9.531504e-10
5.890210108030938e-06	0.000000e+00	5.340576e-05	7.930794e-10
5.891210108030938e-06	0.000000e+00	5.340576e-05	9.276846e-10
5.892210108030939e-06	0.000000e+00	5.340576e-05	7.694325e-10
5.893210108030938e-06	0.000000e+00	5.340576e-05	9.022187e-10
5.894210108030939e-06	0.000000e+00	5.340576e-05	7.457857e-10
5.895210108030938e-06	0.000000e+00	5.340576e-05	8.767529e-10
5.896210108030938e-06	0.000000e+00	5.340576e-05	7.239578e-10
5.897210108030939e-06	0.000000e+00	5.340576e-05	8.549250e-10
5.898210108030938e-06	0.000000e+00	5.340576e-05	7.057679e-10
5.899210108030939e-06	0.000000e+00	5.340576e-05	8.330971e-10
5.900210108030938e-06	0.000000e+00	5.340576e-05	6.839400e-10
5.901210108030938e-06	0.000000e+00	5.340576e-05	8.112693e-10
5.902210108030939e-06	0.000000e+00	5.340576e-05	6.657501e-10
5.903210108030938e-06	0.000000e+00	5.340576e-05	7.912604e-10
5.904210108030939e-06	0.000000e+00	5.340576e-05	6.475602e-10
5.905210108030938e-06	0.000000e+00	5.340576e-05	7.694325e-10
5.906210108030939e-06	0.000000e+00	5.340576e-05	6.275513e-10
5.907210108030939e-06	0.000000e+00	5.340576e-05	7.494236e-10
5.908210108030938e-06	0.000000e+00	5.340576e-05	6.093615e-10
5.909210108030939e-06	0.000000e+00	5.340576e-05	7.294148e-10
5.910210108030938e-06	0.000000e+00	5.340576e-05	5.929905e-10
5.911210108030939e-06	0.000000e+00	5.340576e-05	7.112249e-10
5.912210108030938e-06	0.000000e+00	5.340576e-05	5.766196e-10
5.913210108030938e-06	0.000000e+00	5.340576e-05	6.930350e-10
5.914210108030939e-06	0.000000e+00	5.340576e-05	5.584297e-10
5.915210108030938e-06	0.000000e+00	5.340576e-05	6.730261e-10
5.916210108030939e-06	0.000000e+00	5.340576e-05	5.420588e-10
5.917210108030938e-06	0.000000e+00	5.340576e-05	6.566552e-10
5.918210108030939e-06	0.000000e+00	5.340576e-05	5.293259e-10
5.919210108030939e-06	0.000000e+00	5.340576e-05	6.421033e-10
5.920210108030938e-06	0.000000e+00	5.340576e-05	5.147740e-10
5.921210108030939e-06	0.000000e+00	5.340576e-05	6.239134e-10
5.922210108030938e-06	0.000000e+00	5.340576e-05	4.965841e-10
5.923210108030939e-06	0.000000e+00	5.340576e-05	6.057235e-10
5.924210108030939e-06	0.000000e+00	5.340576e-05	4.838512e-10
5.925210108030938e-06	0.000000e+00	5.340576e-05	5.911716e-10
5.926210108030939e-06	0.000000e+00	5.340576e-05	4.692993e-10
5.927210108030938e-06	0.000000e+00	5.340576e-05	5.766196e-10
5.928210108030939e-06	0.000000e+00	5.340576e-05	4.583853e-10
5.929210108030938e-06	0.000000e+00	5.340576e-05	5.638867e-10
5.930210108030938e-06	0.000000e+00	5.340576e-05	4.456524e-10
5.931210108030939e-06	0.000000e+00	5.340576e-05	5.475158e-10
5.932210108030938e-06	0.000000e+00	5.340576e-05	4.311005e-10
5.933210108030939e-06	0.000000e+00	5.340576e-05	5.329639e-10
5.934210108030938e-06	0.000000e+00	5.340576e-05	4.183676e-10
5.935210108030939e-06	0.000000e+00	5.340576e-05	5.202310e-10
5.936210108030939e-06	0.000000e+00	5.340576e-05	4.092726e-10
5.937210108030938e-06	0.000000e+00	5.340576e-05	5.074980e-10
5.938210108030939e-06	0.000000e+00	5.340576e-05	3.947207e-10
5.939210108030938e-06	0.000000e+00	5.340576e-05	4.929461e-10
5.940210108030939e-06	0.000000e+00	5.340576e-05	3.856258e-10
5.941210108030939e-06	0.000000e+00	5.340576e-05	4.820322e-10
5.942210108030938e-06	0.000000e+00	5.340576e-05	3.728928e-10
5.943210108030939e-06	0.000000e+00	5.340576e-05	4.674803e-10
5.944210108030938e-06	0.000000e+00	5.340576e-05	3.619789e-10
5.945210108030939e-06	0.000000e+00	5.340576e-05	4.565663e-10
5.946210108030938e-06	0.000000e+00	5.340576e-05	3.528839e-10
5.947210108030939e-06	0.000000e+00	5.340576e-05	4.456524e-10
5.948210108030939e-06	0.000000e+00	5.340576e-05	3.437890e-10
5.949210108030938e-06	0.000000e+00	5.340576e-05	4.365575e-10
5.950210108030939e-06	0.000000e+00	5.340576e-05	3.346941e-10
5.951210108030938e-06	0.000000e+00	5.340576e-05	4.238245e-10
5.952210108030939e-06	0.000000e+00	5.340576e-05	3.237801e-10
5.953210108030939e-06	0.000000e+00	5.340576e-05	4.129106e-10
5.954210108030938e-06	0.000000e+00	5.340576e-05	3.146852e-10
5.955210108030939e-06	0.000000e+00	5.340576e-05	4.019967e-10
5.956210108030938e-06	0.000000e+00	5.340576e-05	3.055902e-10
5.957210108030939e-06	0.000000e+00	5.340576e-05	3.929017e-10
5.958210108030939e-06	0.000000e+00	5.340576e-05	2.974048e-10
5.959210108030939e-06	0.000000e+00	5.340576e-05	3.828973e-10
5.960210108030939e-06	0.000000e+00	5.340576e-05	2.901288e-10
5.961210108030938e-06	0.000000e+00	5.340576e-05	3.747118e-10
5.962210108030939e-06	0.000000e+00	5.340576e-05	2.819434e-10
5.963210108030938e-06	0.000000e+00	5.340576e-05	3.656169e-10
5.964210108030939e-06	0.000000e+00	5.340576e-05	2.746674e-10
5.965210108030939e-06	0.000000e+00	5.340576e-05	3.565219e-10
5.966210108030938e-06	0.000000e+00	5.340576e-05	2.673914e-10
5.967210108030939e-06	0.000000e+00	5.340576e-05	3.483365e-10
5.968210108030938e-06	0.000000e+00	5.340576e-05	2.592060e-10
5.969210108030939e-06	0.000000e+00	5.340576e-05	3.392415e-10
5.970210108030939e-06	0.000000e+00	5.340576e-05	2.528395e-10
5.971210108030938e-06	0.000000e+00	5.340576e-05	3.319656e-10
5.972210108030939e-06	0.000000e+00	5.340576e-05	2.464731e-10
5.973210108030938e-06	0.000000e+00	5.340576e-05	3.237801e-10
5.974210108030939e-06	0.000000e+00	5.340576e-05	2.382876e-10
5.975210108030939e-06	0.000000e+00	5.340576e-05	3.146852e-10
5.976210108030939e-06	0.000000e+00	5.340576e-05	2.319211e-10
5.977210108030939e-06	0.000000e+00	5.340576e-05	3.074092e-10
5.978210108030938e-06	0.000000e+00	5.340576e-05	2.255547e-10
5.979210108030939e-06	0.000000e+00	5.340576e-05	3.010427e-10
5.980210108030938e-06	0.000000e+00	5.340576e-05	2.200977e-10
5.981210108030939e-06	0.000000e+00	5.340576e-05	2.928573e-10
5.982210108030939e-06	0.000000e+00	5.340576e-05	2.137313e-10
5.983210108030938e-06	0.000000e+00	5.340576e-05	2.864908e-10
5.984210108030939e-06	0.000000e+00	5.340576e-05	2.073648e-10
5.985210108030938e-06	0.000000e+00	5.340576e-05	2.792149e-10
5.986210108030939e-06	0.000000e+00	5.340576e-05	2.019078e-10
5.987210108030939e-06	0.000000e+00	5.340576e-05	2.719389e-10
5.988210108030939e-06	0.000000e+00	5.340576e-05	1.955414e-10
5.989210108030939e-06	0.000000e+00	5.340576e-05	2.655725e-10
5.990210108030938e-06	0.000000e+00	5.340576e-05	1.909939e-10
5.991210108030939e-06	0.000000e+00	5.340576e-05	2.592060e-10
5.992210108030939e-06	0.000000e+00	5.340576e-05	1.855369e-10
5.993210108030939e-06	0.000000e+00	5.340576e-05	2.537490e-10
5.994210108030939e-06	0.000000e+00	5.340576e-05	1.800800e-10
5.995210108030938e-06	0.000000e+00	5.340576e-05	2.464731e-10
5.996210108030939e-06	0.000000e+00	5.340576e-05	1.746230e-10
5.997210108030938e-06	0.000000e+00	5.340576e-05	2.410161e-10
5.998210108030939e-06	0.000000e+00	5.340576e-05	1.709850e-10
5.999210108030939e-06	0.000000e+00	5.340576e-05	2.364686e-10
6.000210108030938e-06	0.000000e+00	5.340576e-05	1.673470e-10
6.001210108030939e-06	0.000000e+00	5.340576e-05	2.319211e-10
6.002210108030938e-06	0.000000e+00	5.340576e-05	1.627996e-10
6.003210108030939e-06	0.000000e+00	5.340576e-05	2.255547e-10
6.004210108030939e-06	0.000000e+00	5.340576e-05	1.582521e-10
6.005210108030939e-06	0.000000e+00	5.340576e-05	2.210072e-10
6.006210108030939e-06	0.000000e+00	5.340576e-05	1.537046e-10
6.007210108030938e-06	0.000000e+00	5.340576e-05	2.146407e-10
6.008210108030939e-06	0.000000e+00	5.340576e-05	1.491571e-10
6.009210108030939e-06	0.000000e+00	5.340576e-05	2.100933e-10
6.010210108030939e-06	0.000000e+00	5.340576e-05	1.446097e-10
6.011210108030939e-06	0.000000e+00	5.340576e-05	2.046363e-10
6.012210108030938e-06	0.000000e+00	5.340576e-05	1.418812e-10
6.013210108030939e-06	0.000000e+00	5.340576e-05	2.009983e-10
6.014210108030938e-06	0.000000e+00	5.340576e-05	1.373337e-10
6.015210108030939e-06	0.000000e+00	5.340576e-05	1.955414e-10
6.016210108030939e-06	0.000000e+00	5.340576e-05	1.336957e-10
6.017210108030939e-06	0.000000e+00	5.340576e-05	1.919034e-10
6.018210108030939e-06	0.000000e+00	5.340576e-05	1.318767e-10
6.019210108030938e-06	0.000000e+00	5.340576e-05	1.882654e-10
6.020210108030939e-06	0.000000e+00	5.340576e-05	1.264198e-10
6.021210108030939e-06	0.000000e+00	4.959106e-05	1.818989e-10
6.022210108030939e-06	0.000000e+00	4.959106e-05	1.236913e-10
6.023210108030939e-06	0.000000e+00	4.959106e-05	1.800800e-10
6.024210108030938e-06	0.000000e+00	4.959106e-05	1.218723e-10
6.025210108030939e-06	0.000000e+00	4.959106e-05	1.764420e-10
6.026210108030939e-06	0.000000e+00	4.959106e-05	1.182343e-10
6.027210108030939e-06	0.000000e+00	4.959106e-05	1.709850e-10
6.028210108030939e-06	0.000000e+00	4.959106e-05	1.145963e-10
6.029210108030938e-06	0.000000e+00	4.959106e-05	1.682565e-10
6.030210108030939e-06	0.000000e+00	4.959106e-05	1.118678e-10
6.031210108030939e-06	0.000000e+00	4.959106e-05	1.637090e-10
6.032210108030939e-06	0.000000e+00	4.959106e-05	1.082299e-10
6.033210108030939e-06	0.000000e+00	4.959106e-05	1.600711e-10
6.034210108030939e-06	0.000000e+00	4.959106e-05	1.064109e-10
6.035210108030939e-06	0.000000e+00	4.959106e-05	1.573426e-10
6.036210108030938e-06	0.000000e+00	4.959106e-05	1.036824e-10
6.037210108030939e-06	0.000000e+00	4.959106e-05	1.546141e-10
6.038210108030939e-06	0.000000e+00	4.959106e-05	1.018634e-10
6.039210108030939e-06	0.000000e+00	4.959106e-05	1.509761e-10
6.040210108030939e-06	0.000000e+00	4.959106e-05	9.913492e-11
6.041210108030938e-06	0.000000e+00	4.959106e-05	1.482476e-10
6.042210108030939e-06	0.000000e+00	4.959106e-05	9.640644e-11
6.043210108030939e-06	0.000000e+00	4.959106e-05	1.437002e-10
6.044210108030939e-06	0.000000e+00	4.959106e-05	9.276846e-11
6.045210108030939e-06	0.000000e+00	4.959106e-05	1.409717e-10
6.046210108030939e-06	0.000000e+00	4.959106e-05	9.185896e-11
6.047210108030939e-06	0.000000e+00	4.959106e-05	1.382432e-10
6.048210108030939e-06	0.000000e+00	4.959106e-05	8.822099e-11
6.049210108030939e-06	0.000000e+00	4.959106e-05	1.346052e-10
6.050210108030939e-06	0.000000e+00	4.959106e-05	8.640200e-11
6.051210108030939e-06	0.000000e+00	4.959106e-05	1.327862e-10
6.052210108030939e-06	0.000000e+00	4.959106e-05	8.549250e-11
6.053210108030938e-06	0.000000e+00	4.959106e-05	1.300577e-10
6.054210108030939e-06	0.000000e+00	4.959106e-05	8.185452e-11
6.055210108030939e-06	0.000000e+00	4.959106e-05	1.255103e-10
6.056210108030939e-06	0.000000e+00	4.959106e-05	7.912604e-11
6.057210108030939e-06	0.000000e+00	4.959106e-05	1.227818e-10
6.058210108030938e-06	0.000000e+00	4.959106e-05	7.730705e-11
6.059210108030939e-06	0.000000e+00	4.959106e-05	1.218723e-10
6.060210108030939e-06	0.000000e+00	4.959106e-05	7.730705e-11
6.061210108030939e-06	0.000000e+00	4.959106e-05	1.191438e-10
6.062210108030939e-06	0.000000e+00	4.959106e-05	7.366907e-11
6.063210108030939e-06	0.000000e+00	4.959106e-05	1.155058e-10
6.064210108030939e-06	0.000000e+00	4.959106e-05	7.185008e-11
6.065210108030939e-06	0.000000e+00	4.959106e-05	1.136868e-10
6.066210108030939e-06	0.000000e+00	4.959106e-05	7.094059e-11
6.067210108030939e-06	0.000000e+00	4.959106e-05	1.127773e-10
6.068210108030939e-06	0.000000e+00	4.959106e-05	7.003109e-11
6.069210108030939e-06	0.000000e+00	4.959106e-05	1.091394e-10
6.070210108030938e-06	0.000000e+00	4.959106e-05	6.639311e-11
6.071210108030939e-06	0.000000e+00	4.959106e-05	1.064109e-10
6.072210108030939e-06	0.000000e+00	4.959106e-05	6.548362e-11
6.073210108030939e-06	0.000000e+00	4.959106e-05	1.055014e-10
6.074210108030939e-06	0.000000e+00	4.959106e-05	6.457412e-11
6.075210108030939e-06	0.000000e+00	4.959106e-05	1.027729e-10
6.076210108030939e-06	0.000000e+00	4.959106e-05	6.184564e-11
6.077210108030939e-06	0.000000e+00	4.959106e-05	1.000444e-10
6.078210108030939e-06	0.000000e+00	4.959106e-05	6.093615e-11
6.079210108030939e-06	0.000000e+00	4.959106e-05	9.913492e-11
6.080210108030939e-06	0.000000e+00	4.959106e-05	6.002665e-11
6.081210108030939e-06	0.000000e+00	4.959106e-05	9.731593e-11
6.082210108030939e-06	0.000000e+00	4.959106e-05	5.820766e-11
6.083210108030939e-06	0.000000e+00	4.959106e-05	9.458745e-11
6.084210108030939e-06	0.000000e+00	4.959106e-05	5.729817e-11
6.085210108030939e-06	0.000000e+00	4.959106e-05	9.458745e-11
6.086210108030939e-06	0.000000e+00	4.959106e-05	5.729817e-11
6.087210108030938e-06	0.000000e+00	4.959106e-05	9.276846e-11
6.088210108030939e-06	0.000000e+00	4.959106e-05	5.456968e-11
6.089210108030939e-06	0.000000e+00	4.959106e-05	8.913048e-11
6.090210108030939e-06	0.000000e+00	4.959106e-05	5.275069e-11
6.091210108030939e-06	0.000000e+00	4.959106e-05	8.731149e-11
6.093210108030939e-06	0.000000e+00	5.340576e-05	-1.183437e-10
6.094194886833371e-06	0.000000e+00	5.340576e-05	1.308931e-10
6.095173680654493e-06	0.000000e+00	5.340576e-05	6.294550e-12
6.096146787605088e-06	0.000000e+00	5.340576e-05	1.290597e-10
6.097114020733545e-06	0.000000e+00	5.340576e-05	5.582999e-11
6.098079352486502e-06	0.000000e+00	5.340576e-05	7.574479e-11
6.099042439059569e-06	0.000000e+00	5.340576e-05	8.419728e-11
6.100005860482305e-06	0.000000e+00	5.340576e-05	2.200462e-11
6.100970823680523e-06	0.000000e+00	5.340576e-05	1.209572e-10
6.101938812069030e-06	0.000000e+00	5.340576e-05	-2.103787e-11
6.102911605056474e-06	0.000000e+00	5.340576e-05	1.635483e-10
6.103890577144769e-06	0.000000e+00	5.340576e-05	-5.795524e-11
6.104877465677612e-06	0.000000e+00	5.340576e-05	2.044512e-10
6.105873842488545e-06	0.000000e+00	5.340576e-05	3.195607e-12
6.106873842488545e-06	0.000000e+00	5.340576e-05	8.094503e-11
6.107873842488545e-06	0.000000e+00	5.340576e-05	4.820322e-11
6.108873842488546e-06	0.000000e+00	5.340576e-05	7.821654e-11
6.109873842488545e-06	0.000000e+00	5.340576e-05	4.547474e-11
6.110873842488546e-06	0.000000e+00	5.340576e-05	7.548806e-11
6.111873842488545e-06	0.000000e+00	5.340576e-05	4.365575e-11
6.112873842488545e-06	0.000000e+00	5.340576e-05	7.185008e-11
6.113873842488546e-06	0.000000e+00	5.340576e-05	4.001777e-11
6.114873842488545e-06	0.000000e+00	5.340576e-05	7.003109e-11
6.115873842488546e-06	0.000000e+00	5.340576e-05	3.910827e-11
6.116873842488545e-06	0.000000e+00	5.340576e-05	6.730261e-11
6.117873842488545e-06	0.000000e+00	5.340576e-05	3.728928e-11
6.118873842488545e-06	0.000000e+00	5.340576e-05	6.730261e-11
6.119873842488545e-06	0.000000e+00	5.340576e-05	3.819878e-11
6.120873842488546e-06	0.000000e+00	5.340576e-05	6.639311e-11
6.121873842488545e-06	0.000000e+00	5.340576e-05	3.728928e-11
6.122873842488546e-06	0.000000e+00	5.340576e-05	6.548362e-11
6.123873842488545e-06	0.000000e+00	5.340576e-05	3.637979e-11
6.124873842488545e-06	0.000000e+00	5.340576e-05	6.457412e-11
6.125873842488546e-06	0.000000e+00	5.340576e-05	3.728928e-11
6.126873842488545e-06	0.000000e+00	5.340576e-05	6.457412e-11
6.127873842488546e-06	0.000000e+00	5.340576e-05	3.547029e-11
6.128873842488545e-06	0.000000e+00	5.340576e-05	6.184564e-11
6.129873842488545e-06	0.000000e+00	5.340576e-05	3.456080e-11
6.130873842488546e-06	0.000000e+00	5.340576e-05	6.184564e-11
6.131873842488545e-06	0.000000e+00	5.340576e-05	3.456080e-11
6.132873842488546e-06	0.000000e+00	5.340576e-05	6.093615e-11
6.133873842488545e-06	0.000000e+00	5.340576e-05	3.365130e-11
6.134873842488545e-06	0.000000e+00	5.340576e-05	5.911716e-11
6.135873842488545e-06	0.000000e+00	5.340576e-05	3.274181e-11
6.136873842488545e-06	0.000000e+00	5.340576e-05	5.911716e-11
6.137873842488546e-06	0.000000e+00	5.340576e-05	3.365130e-11
6.138873842488545e-06	0.000000e+00	5.340576e-05	5.911716e-11
6.139873842488546e-06	0.000000e+00	5.340576e-05	3.274181e-11
6.140873842488545e-06	0.000000e+00	5.340576e-05	5.729817e-11
6.141873842488545e-06	0.000000e+00	5.340576e-05	3.183231e-11
6.142873842488546e-06	0.000000e+00	5.340576e-05	5.638867e-11
6.143873842488545e-06	0.000000e+00	5.340576e-05	3.092282e-11
6.144873842488546e-06	0.000000e+00	5.340576e-05	5.456968e-11
6.145873842488545e-06	0.000000e+00	5.340576e-05	3.001333e-11
6.146873842488545e-06	0.000000e+00	5.340576e-05	5.456968e-11
6.147873842488546e-06	0.000000e+00	5.340576e-05	2.910383e-11
6.148873842488545e-06	0.000000e+00	5.340576e-05	5.275069e-11
6.149873842488546e-06	0.000000e+00	5.340576e-05	3.001333e-11
6.150873842488545e-06	0.000000e+00	5.340576e-05	5.366019e-11
6.151873842488546e-06	0.000000e+00	5.340576e-05	2.910383e-11
6.152873842488545e-06	0.000000e+00	5.340576e-05	5.184120e-11
6.153873842488545e-06	0.000000e+00	5.340576e-05	2.819434e-11
6.154873842488546e-06	0.000000e+00	5.340576e-05	5.093170e-11
6.155873842488545e-06	0.000000e+00	5.340576e-05	2.728484e-11
6.156873842488546e-06	0.000000e+00	5.340576e-05	5.002221e-11
6.157873842488545e-06	0.000000e+00	5.340576e-05	2.728484e-11
6.158873842488545e-06	0.000000e+00	5.340576e-05	4.911271e-11
6.159873842488546e-06	0.000000e+00	5.340576e-05	2.637535e-11
6.160873842488545e-06	0.000000e+00	5.340576e-05	4.820322e-11
6.161873842488546e-06	0.000000e+00	5.340576e-05	2.637535e-11
6.162873842488545e-06	0.000000e+00	5.340576e-05	4.820322e-11
6.163873842488545e-06	0.000000e+00	5.340576e-05	2.546585e-11
6.164873842488546e-06	0.000000e+00	5.340576e-05	4.729372e-11
6.165873842488545e-06	0.000000e+00	5.340576e-05	2.637535e-11
6.166873842488546e-06	0.000000e+00	5.340576e-05	4.729372e-11
6.167873842488545e-06	0.000000e+00	5.340576e-05	2.546585e-11
6.168873842488546e-06	0.000000e+00	5.340576e-05	4.638423e-11
6.169873842488546e-06	0.000000e+00	5.340576e-05	2.546585e-11
6.170873842488545e-06	0.000000e+00	5.340576e-05	4.547474e-11
6.171873842488546e-06	0.000000e+00	5.340576e-05	2.364686e-11
6.172873842488545e-06	0.000000e+00	5.340576e-05	4.365575e-11
6.173873842488546e-06	0.000000e+00	5.340576e-05	2.364686e-11
6.174873842488545e-06	0.000000e+00	5.340576e-05	4.456524e-11
6.175873842488545e-06	0.000000e+00	5.340576e-05	2.364686e-11
6.176873842488546e-06	0.000000e+00	5.340576e-05	4.274625e-11
6.177873842488545e-06	0.000000e+00	5.340576e-05	2.273737e-11
6.178873842488546e-06	0.000000e+00	5.340576e-05	4.183676e-11
6.179873842488545e-06	0.000000e+00	5.340576e-05	2.182787e-11
6.180873842488546e-06	0.000000e+00	5.340576e-05	4.183676e-11
6.181873842488546e-06	0.000000e+00	5.340576e-05	2.273737e-11
6.182873842488545e-06	0.000000e+00	5.340576e-05	4.183676e-11
6.183873842488546e-06	0.000000e+00	5.340576e-05	2.273737e-11
6.184873842488545e-06	0.000000e+00	5.340576e-05	4.183676e-11
6.185873842488546e-06	0.000000e+00	5.340576e-05	2.273737e-11
6.186873842488546e-06	0.000000e+00	5.340576e-05	4.183676e-11
6.187873842488545e-06	0.000000e+00	5.340576e-05	2.273737e-11
6.188873842488546e-06	0.000000e+00	5.340576e-05	4.001777e-11
6.189873842488545e-06	0.000000e+00	5.340576e-05	2.182787e-11
6.190873842488546e-06	0.000000e+00	5.340576e-05	4.092726e-11
6.191873842488545e-06	0.000000e+00	5.340576e-05	2.273737e-11
6.192873842488545e-06	0.000000e+00	5.340576e-05	4.001777e-11
6.193873842488546e-06	0.000000e+00	5.340576e-05	2.091838e-11
6.194873842488545e-06	0.000000e+00	5.340576e-05	3.819878e-11
6.195873842488546e-06	0.000000e+00	5.340576e-05	2.000888e-11
6.196873842488545e-06	0.000000e+00	5.340576e-05	3.728928e-11
6.197873842488546e-06	0.000000e+00	5.340576e-05	2.000888e-11
6.198873842488546e-06	0.000000e+00	5.340576e-05	3.728928e-11
6.199873842488545e-06	0.000000e+00	5.340576e-05	2.000888e-11
6.200873842488546e-06	0.000000e+00	5.340576e-05	3.728928e-11
6.201873842488545e-06	0.000000e+00	5.340576e-05	1.909939e-11
6.202873842488546e-06	0.000000e+00	5.340576e-05	3.547029e-11
6.203873842488546e-06	0.000000e+00	5.340576e-05	1.909939e-11
6.204873842488545e-06	0.000000e+00	5.340576e-05	3.637979e-11
6.205873842488546e-06	0.000000e+00	5.340576e-05	2.000888e-11
6.206873842488545e-06	0.000000e+00	5.340576e-05	3.637979e-11
6.207873842488546e-06	0.000000e+00	5.340576e-05	2.000888e-11
6.208873842488545e-06	0.000000e+00	5.340576e-05	3.637979e-11
6.209873842488546e-06	0.000000e+00	5.340576e-05	2.000888e-11
6.210873842488546e-06	0.000000e+00	5.340576e-05	3.637979e-11
6.211873842488545e-06	0.000000e+00	5.340576e-05	2.000888e-11
6.212873842488546e-06	0.000000e+00	5.340576e-05	3.547029e-11
6.213873842488545e-06	0.000000e+00	5.340576e-05	1.909939e-11
6.214873842488546e-06	0.000000e+00	5.340576e-05	3.365130e-11
6.215873842488546e-06	0.000000e+00	5.340576e-05	1.728040e-11
6.216873842488545e-06	0.000000e+00	5.340576e-05	3.274181e-11
6.217873842488546e-06	0.000000e+00	5.340576e-05	1.728040e-11
6.218873842488545e-06	0.000000e+00	5.340576e-05	3.274181e-11
6.219873842488546e-06	0.000000e+00	5.340576e-05	1.728040e-11
6.220873842488546e-06	0.000000e+00	5.340576e-05	3.183231e-11
6.221873842488546e-06	0.000000e+00	5.340576e-05	1.637090e-11
6.222873842488546e-06	0.000000e+00	5.340576e-05	3.183231e-11
6.223873842488545e-06	0.000000e+00	5.340576e-05	1.728040e-11
6.224873842488546e-06	0.000000e+00	5.340576e-05	3.183231e-11
6.225873842488545e-06	0.000000e+00	5.340576e-05	1.728040e-11
6.226873842488546e-06	0.000000e+00	5.340576e-05	3.183231e-11
6.227873842488546e-06	0.000000e+00	5.340576e-05	1.637090e-11
6.228873842488545e-06	0.000000e+00	5.340576e-05	3.092282e-11
6.229873842488546e-06	0.000000e+00	5.340576e-05	1.728040e-11
6.230873842488545e-06	0.000000e+00	5.340576e-05	3.092282e-11
6.231873842488546e-06	0.000000e+00	5.340576e-05	1.637090e-11
6.232873842488546e-06	0.000000e+00	5.340576e-05	3.092282e-11
6.233873842488545e-06	0.000000e+00	5.340576e-05	1.637090e-11
6.234873842488546e-06	0.000000e+00	5.340576e-05	3.001333e-11
6.235873842488545e-06	0.000000e+00	5.340576e-05	1.637090e-11
6.236873842488546e-06	0.000000e+00	5.340576e-05	3.001333e-11
6.237873842488546e-06	0.000000e+00	5.340576e-05	1.637090e-11
6.238873842488546e-06	0.000000e+00	5.340576e-05	3.001333e-11
6.239873842488546e-06	0.000000e+00	5.340576e-05	1.637090e-11
6.240873842488545e-06	0.000000e+00	5.340576e-05	3.001333e-11
6.241873842488546e-06	0.000000e+00	5.340576e-05	1.728040e-11
6.242873842488545e-06	0.000000e+00	5.340576e-05	3.001333e-11
6.243873842488546e-06	0.000000e+00	5.340576e-05	1.546141e-11
6.244873842488546e-06	0.000000e+00	5.340576e-05	2.819434e-11
6.245873842488545e-06	0.000000e+00	5.340576e-05	1.546141e-11
6.246873842488546e-06	0.000000e+00	5.340576e-05	2.910383e-11
6.247873842488545e-06	0.000000e+00	5.340576e-05	1.637090e-11
6.248873842488546e-06	0.000000e+00	5.340576e-05	2.910383e-11
6.249873842488546e-06	0.000000e+00	5.340576e-05	1.637090e-11
6.250873842488546e-06	0.000000e+00	5.340576e-05	2.819434e-11
6.251873842488546e-06	0.000000e+00	5.340576e-05	1.455192e-11
6.252873842488545e-06	0.000000e+00	5.340576e-05	2.728484e-11
6.253873842488546e-06	0.000000e+00	5.340576e-05	1.546141e-11
6.254873842488546e-06	0.000000e+00	5.340576e-05	2.728484e-11
6.255873842488546e-06	0.000000e+00	5.340576e-05	1.455192e-11
6.256873842488546e-06	0.000000e+00	5.340576e-05	2.728484e-11
6.257873842488545e-06	0.000000e+00	5.340576e-05	1.546141e-11
6.258873842488546e-06	0.000000e+00	5.340576e-05	2.728484e-11
6.259873842488545e-06	0.000000e+00	5.340576e-05	1.455192e-11
6.260873842488546e-06	0.000000e+00	5.340576e-05	2.637535e-11
6.261873842488546e-06	0.000000e+00	5.340576e-05	1.546141e-11
6.262873842488545e-06	0.000000e+00	5.340576e-05	2.819434e-11
6.263873842488546e-06	0.000000e+00	5.340576e-05	1.637090e-11
6.264873842488545e-06	0.000000e+00	5.340576e-05	2.728484e-11
6.265873842488546e-06	0.000000e+00	5.340576e-05	1.546141e-11
6.266873842488546e-06	0.000000e+00	5.340576e-05	2.728484e-11
6.267873842488546e-06	0.000000e+00	5.340576e-05	1.546141e-11
6.268873842488546e-06	0.000000e+00	5.340576e-05	2.637535e-11
6.269873842488545e-06	0.000000e+00	5.340576e-05	1.455192e-11
6.270873842488546e-06	0.000000e+00	5.340576e-05	2.546585e-11
6.271873842488546e-06	0.000000e+00	5.340576e-05	1.455192e-11
6.272873842488546e-06	0.000000e+00	5.340576e-05	2.546585e-11
6.273873842488546e-06	0.000000e+00	5.340576e-05	1.364242e-11
6.274873842488545e-06	0.000000e+00	5.340576e-05	2.455636e-11
6.275873842488546e-06	0.000000e+00	5.340576e-05	1.455192e-11
6.276873842488545e-06	0.000000e+00	5.340576e-05	2.637535e-11
6.277873842488546e-06	0.000000e+00	5.340576e-05	1.546141e-11
6.278873842488546e-06	0.000000e+00	5.340576e-05	2.546585e-11
6.279873842488546e-06	0.000000e+00	5.340576e-05	1.364242e-11
6.280873842488546e-06	0.000000e+00	5.340576e-05	2.364686e-11
6.281873842488545e-06	0.000000e+00	5.340576e-05	1.364242e-11
6.282873842488546e-06	0.000000e+00	5.340576e-05	2.546585e-11
6.283873842488546e-06	0.000000e+00	5.340576e-05	1.546141e-11
6.284873842488546e-06	0.000000e+00	5.340576e-05	2.546585e-11
6.285873842488546e-06	0.000000e+00	5.340576e-05	1.455192e-11
6.286873842488545e-06	0.000000e+00	5.340576e-05	2.455636e-11
6.287873842488546e-06	0.000000e+00	5.340576e-05	1.455192e-11
6.288873842488546e-06	0.000000e+00	5.340576e-05	2.455636e-11
6.289873842488546e-06	0.000000e+00	5.340576e-05	1.364242e-11
6.290873842488546e-06	0.000000e+00	5.340576e-05	2.364686e-11
7.085873842488547e-06	0.000000e+00	5.340576e-05	8.185452e-12
8.109873842488551e-06	0.000000e+00	5.340576e-05	3.637979e-12
9.133873842488553e-06	0.000000e+00	5.340576e-05	1.364242e-12
9.998873842488554e-06	0.000000e+00	5.340576e-05	2.273737e-12
9.999873842488555e-06	0.000000e+00	5.340576e-05	1.757580e-08
1.000000000000000e-05	0.000000e+00	5.340576e-05	2.011348e-08
