time	V(N007,N016)	V(Vcc_led,Vi_led4)	I(D3)
0.000000000000000e+00	6.103516e-05	0.000000e+00	7.833913e-15
1.020500000000002e-06	6.103516e-05	0.000000e+00	5.599981e-15
2.044500000000005e-06	6.103516e-05	0.000000e+00	-1.652724e-15
3.068500000000007e-06	6.103516e-05	0.000000e+00	8.927466e-15
4.092500000000010e-06	6.103516e-05	0.000000e+00	-6.500714e-16
5.010000000000000e-06	6.103516e-05	0.000000e+00	-7.660539e-15
5.010018890682248e-06	6.484985e-05	0.000000e+00	-3.346401e-06
5.010056672046742e-06	6.103516e-05	0.000000e+00	-1.249013e-05
5.010132234775732e-06	4.959106e-05	0.000000e+00	-4.027405e-05
5.010220669541095e-06	3.433228e-05	0.000000e+00	-8.764485e-05
5.010327542932133e-06	7.629395e-06	0.000000e+00	-1.658471e-04
5.010469924141359e-06	-4.577637e-05	-3.814697e-06	-3.000401e-04
5.010684551333451e-06	-1.411438e-04	-7.629395e-06	-5.488596e-04
5.011009966042626e-06	-3.318787e-04	-2.288818e-05	-9.862053e-04
5.011482279640806e-06	-6.790161e-04	-4.959106e-05	-1.663424e-03
5.012028226846753e-06	-1.152039e-03	-9.918213e-05	-2.396995e-03
5.013028226846752e-06	-2.105713e-03	-2.250671e-04	-3.476217e-03
5.014028226846752e-06	-3.093719e-03	-3.738403e-04	-4.183986e-03
5.015028226846753e-06	-4.085541e-03	-5.378723e-04	-4.570195e-03
5.015200000000000e-06	-4.249573e-03	-5.645752e-04	-4.600047e-03
5.015543546306495e-06	-4.570007e-03	-6.179810e-04	-4.620163e-03
5.015627701198880e-06	1.424675e-01	-2.250671e-04	4.574461e-01
5.015662888772100e-06	4.911690e-01	1.014709e-03	1.549324e+00
5.015686213113729e-06	9.450226e-01	3.334045e-03	2.960232e+00
5.015708489543904e-06	1.429501e+00	7.247925e-03	4.445900e+00
5.015735913981888e-06	1.973381e+00	1.446915e-02	6.076309e+00
5.015790762857855e-06	2.951159e+00	3.493881e-02	8.915570e+00
5.015871266903147e-06	4.187201e+00	7.689667e-02	1.234765e+01
5.016014673114556e-06	5.909973e+00	1.762276e-01	1.685029e+01
5.016200000000000e-06	7.633631e+00	3.273697e-01	2.108041e+01
5.016218532688544e-06	7.745678e+00	3.448792e-01	2.131970e+01
5.016255598065633e-06	7.949456e+00	3.803215e-01	2.173969e+01
5.016329728819810e-06	8.278076e+00	4.526558e-01	2.235101e+01
5.016477990328165e-06	8.766177e+00	5.997467e-01	2.308842e+01
5.016550388729668e-06	8.935972e+00	6.721611e-01	2.325118e+01
5.016552122696917e-06	8.938396e+00	6.739006e-01	2.325024e+01
5.016555590631412e-06	8.941241e+00	6.773720e-01	2.324226e+01
5.016562526500404e-06	8.945561e+00	6.843033e-01	2.322202e+01
5.016573099963364e-06	8.950233e+00	6.948471e-01	2.318544e+01
5.016583949474281e-06	8.953173e+00	7.056351e-01	2.314259e+01
5.016605648496114e-06	8.955723e+00	7.270813e-01	2.304825e+01
5.016649046539779e-06	8.956587e+00	7.694969e-01	2.285257e+01
5.016726911996841e-06	8.956095e+00	8.439941e-01	2.251478e+01
5.016882642910964e-06	8.958801e+00	9.882813e-01	2.190321e+01
5.017072332610065e-06	8.967640e+00	1.157051e+00	2.124445e+01
5.017265919974810e-06	8.982017e+00	1.321239e+00	2.066044e+01
5.017493194643742e-06	9.010808e+00	1.505257e+00	2.009341e+01
5.017675444496021e-06	9.047412e+00	1.647102e+00	1.976134e+01
5.017830317811344e-06	9.084328e+00	1.763920e+00	1.959921e+01
5.017996494166845e-06	9.121346e+00	1.886444e+00	1.955413e+01
5.018268366255658e-06	9.170473e+00	2.083401e+00	1.961935e+01
5.018576675253349e-06	9.196634e+00	2.302670e+00	1.968373e+01
5.018916560947895e-06	9.178861e+00	2.538063e+00	1.962791e+01
5.019277501672465e-06	9.128388e+00	2.779419e+00	1.946937e+01
5.019625466891960e-06	9.073026e+00	3.002743e+00	1.929604e+01
5.020001562032919e-06	9.014452e+00	3.231464e+00	1.911271e+01
5.020753752314836e-06	8.903359e+00	3.657829e+00	1.876509e+01
5.021671783351931e-06	8.778686e+00	4.133549e+00	1.837510e+01
5.022671783351930e-06	8.656713e+00	4.598076e+00	1.799368e+01
5.023671783351931e-06	8.548388e+00	5.011181e+00	1.765504e+01
5.024671783351931e-06	8.452553e+00	5.377571e+00	1.735554e+01
5.025671783351931e-06	8.367805e+00	5.702572e+00	1.709076e+01
5.026671783351931e-06	8.292864e+00	5.990891e+00	1.685668e+01
5.027671783351930e-06	8.226589e+00	6.246704e+00	1.664971e+01
5.028671783351931e-06	8.167967e+00	6.473701e+00	1.646668e+01
5.029671783351930e-06	8.116105e+00	6.675159e+00	1.630479e+01
5.030671783351931e-06	8.070211e+00	6.853970e+00	1.616155e+01
5.031671783351931e-06	8.029591e+00	7.012695e+00	1.603479e+01
5.032671783351931e-06	7.993629e+00	7.153606e+00	1.592258e+01
5.033671783351931e-06	7.961786e+00	7.278721e+00	1.582323e+01
5.034671783351930e-06	7.933582e+00	7.389816e+00	1.573525e+01
5.035671783351931e-06	7.908598e+00	7.488476e+00	1.565732e+01
5.036671783351931e-06	7.886463e+00	7.576096e+00	1.558828e+01
5.037671783351931e-06	7.866843e+00	7.653919e+00	1.552710e+01
5.038671783351931e-06	7.849456e+00	7.723049e+00	1.547287e+01
5.039671783351930e-06	7.834042e+00	7.784462e+00	1.542481e+01
5.040671783351931e-06	7.820372e+00	7.839020e+00	1.538219e+01
5.041671783351931e-06	7.808250e+00	7.887493e+00	1.534440e+01
5.042671783351931e-06	7.797501e+00	7.930565e+00	1.531088e+01
5.043671783351931e-06	7.787966e+00	7.968838e+00	1.528115e+01
5.044671783351931e-06	7.779506e+00	8.002848e+00	1.525478e+01
5.045671783351931e-06	7.772000e+00	8.033072e+00	1.523138e+01
5.046671783351930e-06	7.765342e+00	8.059933e+00	1.521062e+01
5.047671783351931e-06	7.759431e+00	8.083809e+00	1.519219e+01
5.048671783351931e-06	7.754183e+00	8.105030e+00	1.517584e+01
5.049671783351931e-06	7.749527e+00	8.123894e+00	1.516133e+01
5.050671783351931e-06	7.745394e+00	8.140663e+00	1.514844e+01
5.051671783351930e-06	7.741723e+00	8.155569e+00	1.513700e+01
5.052671783351931e-06	7.738464e+00	8.168821e+00	1.512685e+01
5.053671783351931e-06	7.735573e+00	8.180603e+00	1.511783e+01
5.054671783351931e-06	7.733004e+00	8.191080e+00	1.510982e+01
5.055671783351931e-06	7.730723e+00	8.200394e+00	1.510271e+01
5.056671783351930e-06	7.728697e+00	8.208675e+00	1.509640e+01
5.057671783351931e-06	7.726898e+00	8.216042e+00	1.509079e+01
5.058671783351931e-06	7.725300e+00	8.222589e+00	1.508581e+01
5.059671783351931e-06	7.723878e+00	8.228415e+00	1.508138e+01
5.060671783351931e-06	7.722619e+00	8.233593e+00	1.507745e+01
5.061671783351931e-06	7.721498e+00	8.238201e+00	1.507396e+01
5.062671783351931e-06	7.720503e+00	8.242298e+00	1.507086e+01
5.063671783351930e-06	7.719620e+00	8.245941e+00	1.506810e+01
5.064671783351931e-06	7.718834e+00	8.249184e+00	1.506565e+01
5.065671783351931e-06	7.718135e+00	8.252066e+00	1.506348e+01
5.066671783351931e-06	7.717514e+00	8.254631e+00	1.506155e+01
5.067671783351931e-06	7.716964e+00	8.256912e+00	1.505983e+01
5.068671783351930e-06	7.716474e+00	8.258942e+00	1.505830e+01
5.069671783351931e-06	7.716040e+00	8.260748e+00	1.505695e+01
5.070671783351931e-06	7.715652e+00	8.262354e+00	1.505574e+01
5.071671783351931e-06	7.715309e+00	8.263783e+00	1.505467e+01
5.072671783351931e-06	7.715004e+00	8.265055e+00	1.505372e+01
5.073671783351931e-06	7.714732e+00	8.266186e+00	1.505287e+01
5.074671783351931e-06	7.714491e+00	8.267193e+00	1.505212e+01
5.075671783351931e-06	7.714277e+00	8.268089e+00	1.505145e+01
5.076671783351931e-06	7.714087e+00	8.268887e+00	1.505086e+01
5.077671783351931e-06	7.713917e+00	8.269596e+00	1.505033e+01
5.078671783351931e-06	7.713767e+00	8.270227e+00	1.504986e+01
5.079671783351931e-06	7.713633e+00	8.270790e+00	1.504945e+01
5.080671783351930e-06	7.713515e+00	8.271290e+00	1.504908e+01
5.081671783351931e-06	7.713409e+00	8.271736e+00	1.504875e+01
5.082671783351931e-06	7.713316e+00	8.272133e+00	1.504846e+01
5.083671783351931e-06	7.713232e+00	8.272486e+00	1.504820e+01
5.084671783351931e-06	7.713158e+00	8.272800e+00	1.504797e+01
5.085671783351930e-06	7.713093e+00	8.273079e+00	1.504776e+01
5.086671783351931e-06	7.713033e+00	8.273327e+00	1.504758e+01
5.087671783351931e-06	7.712982e+00	8.273550e+00	1.504741e+01
5.088671783351931e-06	7.712935e+00	8.273746e+00	1.504727e+01
5.089671783351931e-06	7.712893e+00	8.273922e+00	1.504714e+01
5.090671783351931e-06	7.712857e+00	8.274080e+00	1.504703e+01
5.091671783351931e-06	7.712825e+00	8.274220e+00	1.504693e+01
5.092671783351931e-06	7.712795e+00	8.274343e+00	1.504684e+01
5.093671783351931e-06	7.712770e+00	8.274454e+00	1.504676e+01
5.094671783351931e-06	7.712747e+00	8.274553e+00	1.504669e+01
5.095671783351931e-06	7.712726e+00	8.274641e+00	1.504662e+01
5.096671783351931e-06	7.712708e+00	8.274719e+00	1.504657e+01
5.097671783351930e-06	7.712691e+00	8.274788e+00	1.504652e+01
5.098671783351931e-06	7.712678e+00	8.274851e+00	1.504647e+01
5.099671783351931e-06	7.712666e+00	8.274906e+00	1.504643e+01
5.100671783351931e-06	7.712654e+00	8.274956e+00	1.504640e+01
5.101671783351931e-06	7.712645e+00	8.275000e+00	1.504637e+01
5.102671783351931e-06	7.712636e+00	8.275040e+00	1.504634e+01
5.103671783351931e-06	7.712628e+00	8.275074e+00	1.504631e+01
5.104671783351931e-06	7.712622e+00	8.275105e+00	1.504629e+01
5.105671783351931e-06	7.712615e+00	8.275133e+00	1.504627e+01
5.106671783351931e-06	7.712608e+00	8.275158e+00	1.504625e+01
5.107671783351931e-06	7.712604e+00	8.275181e+00	1.504624e+01
5.108671783351931e-06	7.712599e+00	8.275200e+00	1.504622e+01
5.109671783351931e-06	7.712595e+00	8.275217e+00	1.504621e+01
5.110671783351931e-06	7.712590e+00	8.275232e+00	1.504620e+01
5.111671783351931e-06	7.712587e+00	8.275246e+00	1.504619e+01
5.112671783351931e-06	7.712586e+00	8.275259e+00	1.504618e+01
5.113671783351931e-06	7.712584e+00	8.275270e+00	1.504618e+01
5.114671783351930e-06	7.712580e+00	8.275280e+00	1.504617e+01
5.115671783351931e-06	7.712580e+00	8.275290e+00	1.504616e+01
5.116671783351931e-06	7.712578e+00	8.275297e+00	1.504616e+01
5.117671783351931e-06	7.712577e+00	8.275303e+00	1.504615e+01
5.118671783351931e-06	7.712576e+00	8.275311e+00	1.504615e+01
5.119671783351931e-06	7.712574e+00	8.275316e+00	1.504614e+01
5.120671783351931e-06	7.712572e+00	8.275320e+00	1.504614e+01
5.121671783351931e-06	7.712571e+00	8.275326e+00	1.504614e+01
5.122671783351931e-06	7.712571e+00	8.275330e+00	1.504614e+01
5.123671783351931e-06	7.712570e+00	8.275333e+00	1.504613e+01
5.124671783351931e-06	7.712569e+00	8.275335e+00	1.504613e+01
5.125671783351931e-06	7.712568e+00	8.275339e+00	1.504613e+01
5.126671783351931e-06	7.712567e+00	8.275341e+00	1.504613e+01
5.127671783351931e-06	7.712566e+00	8.275343e+00	1.504613e+01
5.128671783351931e-06	7.712567e+00	8.275345e+00	1.504613e+01
5.129671783351931e-06	7.712566e+00	8.275347e+00	1.504612e+01
5.130671783351931e-06	7.712566e+00	8.275349e+00	1.504612e+01
5.131671783351931e-06	7.712565e+00	8.275351e+00	1.504612e+01
5.132671783351931e-06	7.712566e+00	8.275352e+00	1.504612e+01
5.133671783351931e-06	7.712564e+00	8.275352e+00	1.504612e+01
5.134671783351931e-06	7.712565e+00	8.275354e+00	1.504612e+01
5.135671783351931e-06	7.712565e+00	8.275354e+00	1.504612e+01
5.136671783351931e-06	7.712566e+00	8.275356e+00	1.504612e+01
5.137671783351931e-06	7.712564e+00	8.275356e+00	1.504612e+01
5.138671783351931e-06	7.712564e+00	8.275358e+00	1.504612e+01
5.139671783351931e-06	7.712564e+00	8.275358e+00	1.504612e+01
5.140671783351931e-06	7.712564e+00	8.275358e+00	1.504612e+01
5.141671783351931e-06	7.712563e+00	8.275358e+00	1.504612e+01
5.142671783351931e-06	7.712564e+00	8.275360e+00	1.504612e+01
5.143671783351931e-06	7.712564e+00	8.275360e+00	1.504612e+01
5.144671783351931e-06	7.712564e+00	8.275360e+00	1.504612e+01
5.145671783351931e-06	7.712564e+00	8.275360e+00	1.504612e+01
5.146671783351931e-06	7.712564e+00	8.275360e+00	1.504612e+01
5.147671783351931e-06	7.712564e+00	8.275360e+00	1.504612e+01
5.148671783351931e-06	7.712564e+00	8.275362e+00	1.504612e+01
5.149671783351931e-06	7.712564e+00	8.275362e+00	1.504612e+01
5.150671783351931e-06	7.712564e+00	8.275362e+00	1.504612e+01
5.151671783351931e-06	7.712564e+00	8.275362e+00	1.504612e+01
5.152671783351931e-06	7.712564e+00	8.275362e+00	1.504612e+01
5.153671783351931e-06	7.712564e+00	8.275362e+00	1.504612e+01
5.154671783351931e-06	7.712564e+00	8.275362e+00	1.504612e+01
5.155671783351931e-06	7.712564e+00	8.275362e+00	1.504612e+01
5.156671783351931e-06	7.712564e+00	8.275362e+00	1.504612e+01
5.157671783351931e-06	7.712564e+00	8.275362e+00	1.504612e+01
5.158671783351931e-06	7.712564e+00	8.275362e+00	1.504612e+01
5.159671783351931e-06	7.712564e+00	8.275362e+00	1.504611e+01
5.160671783351931e-06	7.712564e+00	8.275362e+00	1.504611e+01
5.161671783351931e-06	7.712564e+00	8.275362e+00	1.504611e+01
5.162671783351931e-06	7.712564e+00	8.275362e+00	1.504611e+01
5.163671783351931e-06	7.712564e+00	8.275362e+00	1.504611e+01
5.164671783351931e-06	7.712564e+00	8.275362e+00	1.504611e+01
5.165671783351931e-06	7.712564e+00	8.275362e+00	1.504611e+01
5.166671783351931e-06	7.712565e+00	8.275362e+00	1.504611e+01
5.167671783351931e-06	7.712565e+00	8.275362e+00	1.504611e+01
5.168671783351931e-06	7.712565e+00	8.275362e+00	1.504611e+01
5.169671783351931e-06	7.712565e+00	8.275362e+00	1.504611e+01
5.170671783351931e-06	7.712565e+00	8.275362e+00	1.504611e+01
5.171671783351931e-06	7.712565e+00	8.275362e+00	1.504611e+01
5.172671783351931e-06	7.712565e+00	8.275364e+00	1.504611e+01
5.173671783351931e-06	7.712565e+00	8.275364e+00	1.504611e+01
5.174671783351931e-06	7.712564e+00	8.275364e+00	1.504611e+01
5.175671783351931e-06	7.712564e+00	8.275364e+00	1.504611e+01
5.176671783351931e-06	7.712564e+00	8.275364e+00	1.504611e+01
5.177671783351931e-06	7.712564e+00	8.275364e+00	1.504611e+01
5.178671783351931e-06	7.712564e+00	8.275364e+00	1.504611e+01
5.179671783351931e-06	7.712564e+00	8.275364e+00	1.504611e+01
5.180671783351931e-06	7.712563e+00	8.275364e+00	1.504611e+01
5.181671783351931e-06	7.712563e+00	8.275364e+00	1.504611e+01
5.182671783351931e-06	7.712563e+00	8.275364e+00	1.504611e+01
5.183671783351931e-06	7.712563e+00	8.275364e+00	1.504611e+01
5.184671783351931e-06	7.712564e+00	8.275364e+00	1.504611e+01
5.185671783351931e-06	7.712564e+00	8.275364e+00	1.504611e+01
5.186671783351931e-06	7.712564e+00	8.275364e+00	1.504611e+01
5.187671783351931e-06	7.712564e+00	8.275364e+00	1.504611e+01
5.188671783351931e-06	7.712564e+00	8.275364e+00	1.504611e+01
5.189671783351931e-06	7.712564e+00	8.275364e+00	1.504611e+01
5.190671783351931e-06	7.712564e+00	8.275364e+00	1.504611e+01
5.192671783351931e-06	7.712564e+00	8.275364e+00	1.504611e+01
5.194671783351931e-06	7.712564e+00	8.275364e+00	1.504611e+01
5.196671783351931e-06	7.712564e+00	8.275364e+00	1.504611e+01
5.198671783351931e-06	7.712564e+00	8.275364e+00	1.504611e+01
5.200671783351931e-06	7.712564e+00	8.275364e+00	1.504611e+01
5.202671783351931e-06	7.712564e+00	8.275364e+00	1.504611e+01
5.204671783351931e-06	7.712564e+00	8.275364e+00	1.504611e+01
5.206671783351931e-06	7.712564e+00	8.275364e+00	1.504611e+01
5.208671783351931e-06	7.712563e+00	8.275364e+00	1.504611e+01
5.211671783351931e-06	7.712564e+00	8.275364e+00	1.504611e+01
5.213671783351931e-06	7.712564e+00	8.275364e+00	1.504611e+01
5.214671783351931e-06	7.712564e+00	8.275364e+00	1.504611e+01
5.215200000000000e-06	7.712564e+00	8.275364e+00	1.504611e+01
5.216200000000000e-06	7.712566e+00	8.275364e+00	1.504613e+01
5.216300000000000e-06	7.712718e+00	8.275366e+00	1.504660e+01
5.216500000000000e-06	7.713041e+00	8.275379e+00	1.504762e+01
5.216900000000000e-06	7.713687e+00	8.275436e+00	1.504963e+01
5.217700000000000e-06	7.714863e+00	8.275642e+00	1.505330e+01
5.218700000000000e-06	7.716137e+00	8.276028e+00	1.505727e+01
5.219700000000000e-06	7.717191e+00	8.276535e+00	1.506055e+01
5.220700000000000e-06	7.718016e+00	8.277126e+00	1.506312e+01
5.221700000000000e-06	7.718646e+00	8.277769e+00	1.506508e+01
5.222100000000000e-06	7.718833e+00	8.278034e+00	1.506566e+01
5.222300000000000e-06	7.718901e+00	8.278168e+00	1.506587e+01
5.222700000000000e-06	7.718993e+00	8.278431e+00	1.506616e+01
5.223100000000000e-06	7.719056e+00	8.278694e+00	1.506636e+01
5.223140000000000e-06	7.719003e+00	8.278719e+00	1.506619e+01
5.223220000000000e-06	7.718883e+00	8.278769e+00	1.506581e+01
5.223380000000000e-06	7.718611e+00	8.278860e+00	1.506496e+01
5.223700000000000e-06	7.718050e+00	8.279015e+00	1.506320e+01
5.224340000000000e-06	7.716908e+00	8.279232e+00	1.505965e+01
5.225340000000000e-06	7.715055e+00	8.279366e+00	1.505387e+01
5.226340000000000e-06	7.713048e+00	8.279247e+00	1.504762e+01
5.227340000000000e-06	7.710742e+00	8.278847e+00	1.504042e+01
5.228340000000000e-06	7.707888e+00	8.278128e+00	1.503151e+01
5.229339999999999e-06	7.703945e+00	8.277002e+00	1.501921e+01
5.230340000000000e-06	7.697331e+00	8.275246e+00	1.499857e+01
5.231340000000000e-06	7.674784e+00	8.271637e+00	1.492810e+01
5.232340000000000e-06	7.621084e+00	8.265017e+00	1.476017e+01
5.232465000000000e-06	7.606806e+00	8.263519e+00	1.471552e+01
5.232715000000000e-06	7.564528e+00	8.258713e+00	1.458343e+01
5.233214999999999e-06	7.468638e+00	8.243444e+00	1.428439e+01
5.234215000000000e-06	7.204198e+00	8.195522e+00	1.345966e+01
5.234822889037843e-06	6.962405e+00	8.150326e+00	1.270626e+01
5.235266539169233e-06	6.793239e+00	8.104366e+00	1.218126e+01
5.235696850589656e-06	6.650908e+00	8.051662e+00	1.173958e+01
5.235990994253873e-06	6.493025e+00	8.010555e+00	1.124729e+01
5.236275282222012e-06	6.237804e+00	7.962269e+00	1.045216e+01
5.236647614045277e-06	5.698710e+00	7.879971e+00	8.775380e+00
5.237021535664521e-06	4.744913e+00	7.755203e+00	5.822793e+00
5.237571344782635e-06	2.475222e+00	7.473061e+00	-1.147150e+00
5.237936888675496e-06	3.938503e-01	7.216663e+00	-7.489588e+00
5.237944107906224e-06	3.443928e-01	7.210381e+00	-7.639054e+00
5.237958546367681e-06	2.379227e-01	7.196556e+00	-7.959188e+00
5.237987423290594e-06	1.970673e-02	7.168438e+00	-8.614758e+00
5.238006503749490e-06	-1.270714e-01	7.149467e+00	-9.055140e+00
5.238020274755298e-06	-2.334099e-01	7.135433e+00	-9.373517e+00
5.238031073747457e-06	-3.162842e-01	7.124157e+00	-9.621140e+00
5.238041489046002e-06	-3.958588e-01	7.112972e+00	-9.858481e+00
5.238062319643090e-06	-5.549698e-01	7.089745e+00	-1.033186e+01
5.238095101781704e-06	-8.063507e-01	7.051086e+00	-1.107710e+01
5.238169398905272e-06	-1.378532e+00	6.956360e+00	-1.276486e+01
5.238200393071728e-06	-1.615845e+00	6.913002e+00	-1.345898e+01
5.238208141613342e-06	-1.669598e+00	6.901859e+00	-1.361437e+01
5.238223638696570e-06	-1.754021e+00	6.879139e+00	-1.385118e+01
5.238227512967377e-06	-1.764305e+00	6.873428e+00	-1.387595e+01
5.238250758592219e-06	-1.767673e+00	6.839111e+00	-1.383911e+01
5.238467717757414e-06	-1.703606e+00	6.528732e+00	-1.319683e+01
5.238715671089064e-06	-1.624062e+00	6.196342e+00	-1.244720e+01
5.239211577752365e-06	-1.474247e+00	5.584835e+00	-1.098422e+01
5.239800402100094e-06	-1.313744e+00	4.935963e+00	-9.308991e+00
5.240356679806939e-06	-1.181492e+00	4.403233e+00	-7.790234e+00
5.240959988979466e-06	-1.058357e+00	3.907440e+00	-6.200340e+00
5.241516281118079e-06	-9.620247e-01	3.519062e+00	-4.774665e+00
5.242102593805803e-06	-8.769188e-01	3.175716e+00	-3.360295e+00
5.242662763366732e-06	-8.087311e-01	2.901928e+00	-2.214478e+00
5.243247348096216e-06	-7.484512e-01	2.662769e+00	-1.321920e+00
5.243812590212194e-06	-6.981163e-01	2.465996e+00	-7.372589e-01
5.244393609177754e-06	-6.526299e-01	2.290649e+00	-3.545012e-01
5.244960873290112e-06	-6.129417e-01	2.139290e+00	-1.242707e-01
5.245539573795913e-06	-5.763283e-01	2.000725e+00	1.534673e-02
5.246108801855465e-06	-5.434723e-01	1.876945e+00	9.434785e-02
5.246686005768941e-06	-5.128860e-01	1.762047e+00	1.379784e-01
5.247256468518805e-06	-4.850235e-01	1.657482e+00	1.594544e-01
5.247832488236105e-06	-4.591599e-01	1.560402e+00	1.676640e-01
5.248578397919625e-06	-4.285851e-01	1.445538e+00	1.676542e-01
5.249448228816080e-06	-3.964119e-01	1.324493e+00	1.605357e-01
5.250448228816080e-06	-3.634720e-01	1.200249e+00	1.482287e-01
5.251448228816080e-06	-3.343430e-01	1.090088e+00	1.346309e-01
5.252448228816081e-06	-3.086815e-01	9.927597e-01	1.212385e-01
5.253448228816080e-06	-2.860565e-01	9.066963e-01	1.087073e-01
5.254448228816081e-06	-2.660980e-01	8.305550e-01	9.724162e-02
5.255448228816080e-06	-2.484703e-01	7.631607e-01	8.686303e-02
5.256448228816080e-06	-2.329063e-01	7.034798e-01	7.752160e-02
5.257448228816081e-06	-2.191429e-01	6.506119e-01	6.914148e-02
5.258448228816080e-06	-2.069702e-01	6.037560e-01	6.164001e-02
5.259448228816081e-06	-1.962051e-01	5.622139e-01	5.493559e-02
5.260448228816080e-06	-1.866684e-01	5.253677e-01	4.895097e-02
5.261448228816080e-06	-1.782188e-01	4.926682e-01	4.361443e-02
5.262448228816080e-06	-1.707268e-01	4.636421e-01	3.886011e-02
5.263448228816080e-06	-1.640778e-01	4.378548e-01	3.462796e-02
5.264448228816081e-06	-1.581688e-01	4.149361e-01	3.086341e-02
5.265448228816080e-06	-1.529236e-01	3.945541e-01	2.751711e-02
5.266448228816080e-06	-1.482544e-01	3.764114e-01	2.454452e-02
5.267448228816080e-06	-1.440964e-01	3.602524e-01	2.190555e-02
5.268448228816080e-06	-1.403885e-01	3.458481e-01	1.956418e-02
5.269448228816081e-06	-1.370773e-01	3.329926e-01	1.748814e-02
5.270448228816080e-06	-1.341171e-01	3.215027e-01	1.564853e-02
5.271448228816081e-06	-1.314659e-01	3.112259e-01	1.401955e-02
5.272448228816080e-06	-1.290855e-01	3.020134e-01	1.257817e-02
5.273448228816080e-06	-1.269455e-01	2.937431e-01	1.130390e-02
5.274448228816081e-06	-1.250191e-01	2.863045e-01	1.017851e-02
5.275448228816080e-06	-1.232758e-01	2.795982e-01	9.185839e-03
5.276448228816081e-06	-1.216927e-01	2.735329e-01	8.311575e-03
5.277448228816080e-06	-1.202545e-01	2.680283e-01	7.543084e-03
5.278448228816080e-06	-1.189384e-01	2.630196e-01	6.869250e-03
5.279448228816081e-06	-1.177330e-01	2.584419e-01	6.280350e-03
5.280448228816080e-06	-1.166191e-01	2.542343e-01	5.767934e-03
5.281448228816081e-06	-1.155853e-01	2.503471e-01	5.324753e-03
5.282448228816080e-06	-1.146202e-01	2.467308e-01	4.944690e-03
5.283448228816081e-06	-1.137123e-01	2.433434e-01	4.622755e-03
5.284448228816080e-06	-1.128464e-01	2.401428e-01	4.355114e-03
5.285448228816080e-06	-1.120186e-01	2.370872e-01	4.139207e-03
5.286448228816081e-06	-1.112175e-01	2.341385e-01	3.973987e-03
5.287448228816080e-06	-1.104279e-01	2.312546e-01	3.860389e-03
5.288448228816081e-06	-1.096382e-01	2.283897e-01	3.802219e-03
5.289448228816080e-06	-1.088333e-01	2.254829e-01	3.807971e-03
5.290448228816080e-06	-1.079941e-01	2.224693e-01	3.894836e-03
5.291448228816081e-06	-1.070900e-01	2.192307e-01	4.099158e-03
5.292448228816080e-06	-1.060486e-01	2.155609e-01	4.523082e-03
5.293448228816081e-06	-1.045761e-01	2.106171e-01	5.762013e-03
5.294448228816080e-06	-1.019974e-01	2.028389e-01	9.422594e-03
5.294847517284074e-06	-1.004829e-01	1.978416e-01	1.169702e-02
5.295099964865462e-06	-9.949112e-02	1.939392e-01	1.283066e-02
5.295256709233491e-06	-9.886551e-02	1.915474e-01	1.346531e-02
5.295344472609292e-06	-9.854889e-02	1.902199e-01	1.367510e-02
5.295385802197388e-06	-9.837723e-02	1.896019e-01	1.384447e-02
5.295407288688819e-06	-9.828568e-02	1.892776e-01	1.393661e-02
5.295425810504099e-06	-9.821701e-02	1.889992e-01	1.396769e-02
5.295445860820758e-06	-9.814453e-02	1.887016e-01	1.402782e-02
5.295472050164112e-06	-9.804535e-02	1.883087e-01	1.409773e-02
5.295524428850820e-06	-9.784698e-02	1.875305e-01	1.423086e-02
5.295838700971067e-06	-9.667969e-02	1.829567e-01	1.485987e-02
5.296257730464729e-06	-9.518051e-02	1.770897e-01	1.535461e-02
5.297095789452053e-06	-9.232712e-02	1.659431e-01	1.570372e-02
5.298095789452054e-06	-8.913422e-02	1.534958e-01	1.547582e-02
5.299095789452054e-06	-8.617401e-02	1.419792e-01	1.482536e-02
5.300095789452054e-06	-8.343124e-02	1.313400e-01	1.398622e-02
5.301095789452054e-06	-8.089066e-02	1.215134e-01	1.309442e-02
5.302095789452053e-06	-7.853317e-02	1.124191e-01	1.221263e-02
5.303095789452054e-06	-7.634735e-02	1.040115e-01	1.136853e-02
5.304095789452053e-06	-7.431793e-02	9.623718e-02	1.057310e-02
5.305095789452054e-06	-7.242966e-02	8.904648e-02	9.829503e-03
5.306095789452054e-06	-7.068634e-02	8.239365e-02	9.137232e-03
5.307095789452053e-06	-6.906128e-02	7.624054e-02	8.494173e-03
5.308095789452054e-06	-6.755066e-02	7.054901e-02	7.897556e-03
5.309095789452053e-06	-6.615067e-02	6.528091e-02	7.344414e-03
5.310095789452054e-06	-6.484985e-02	6.040955e-02	6.831799e-03
5.311095789452054e-06	-6.363678e-02	5.590439e-02	6.356877e-03
5.312095789452054e-06	-6.250381e-02	5.173492e-02	5.916965e-03
5.313095789452054e-06	-6.145477e-02	4.787827e-02	5.509549e-03
5.314095789452053e-06	-6.047821e-02	4.431152e-02	5.132279e-03
5.315095789452054e-06	-5.956650e-02	4.101181e-02	4.782968e-03
5.316095789452054e-06	-5.871582e-02	3.796005e-02	4.459581e-03
5.317095789452054e-06	-5.792236e-02	3.513718e-02	4.160225e-03
5.318095789452054e-06	-5.718231e-02	3.252411e-02	3.883145e-03
5.319095789452053e-06	-5.649185e-02	3.010559e-02	3.626708e-03
5.320095789452054e-06	-5.584335e-02	2.787018e-02	3.389401e-03
5.321095789452053e-06	-5.523682e-02	2.580261e-02	3.169820e-03
5.322095789452054e-06	-5.466843e-02	2.388763e-02	2.966660e-03
5.323095789452054e-06	-5.414200e-02	2.211761e-02	2.778714e-03
5.324095789452054e-06	-5.364609e-02	2.048111e-02	2.604860e-03
5.325095789452054e-06	-5.317688e-02	1.896667e-02	2.444060e-03
5.326095789452053e-06	-5.273819e-02	1.756287e-02	2.295350e-03
5.327095789452054e-06	-5.232239e-02	1.626587e-02	2.157839e-03
5.328095789452054e-06	-5.193329e-02	1.506805e-02	2.030698e-03
5.329095789452054e-06	-5.156708e-02	1.395798e-02	1.913162e-03
5.330095789452054e-06	-5.121994e-02	1.293182e-02	1.804520e-03
5.331095789452053e-06	-5.089188e-02	1.198196e-02	1.704114e-03
5.332095789452054e-06	-5.057907e-02	1.110077e-02	1.611335e-03
5.333095789452054e-06	-5.028534e-02	1.029205e-02	1.525619e-03
5.334095789452054e-06	-5.000305e-02	9.540558e-03	1.446444e-03
5.335095789452054e-06	-4.973602e-02	8.842468e-03	1.373325e-03
5.336095789452053e-06	-4.948807e-02	8.201599e-03	1.305814e-03
5.337095789452054e-06	-4.924393e-02	7.606506e-03	1.243497e-03
5.338095789452053e-06	-4.901123e-02	7.057190e-03	1.185989e-03
5.339095789452054e-06	-4.878998e-02	6.546021e-03	1.132935e-03
5.340095789452054e-06	-4.858017e-02	6.072998e-03	1.084006e-03
5.341095789452054e-06	-4.837799e-02	5.638123e-03	1.038897e-03
5.342095789452054e-06	-4.818344e-02	5.233765e-03	9.973270e-04
5.343095789452053e-06	-4.799271e-02	4.863739e-03	9.590347e-04
5.344095789452054e-06	-4.781342e-02	4.516602e-03	9.237785e-04
5.345095789452054e-06	-4.763794e-02	4.199982e-03	8.913354e-04
5.346095789452054e-06	-4.746628e-02	3.906250e-03	8.614985e-04
5.347095789452054e-06	-4.730225e-02	3.631592e-03	8.340768e-04
5.348095789452053e-06	-4.714203e-02	3.379822e-03	8.088933e-04
5.349095789452054e-06	-4.698181e-02	3.143311e-03	7.857845e-04
5.350095789452054e-06	-4.683685e-02	2.929688e-03	7.645991e-04
5.351095789452054e-06	-4.668427e-02	2.731323e-03	7.451971e-04
5.352095789452054e-06	-4.654312e-02	2.544403e-03	7.274491e-04
5.353095789452054e-06	-4.639816e-02	2.376556e-03	7.112355e-04
5.354095789452054e-06	-4.626083e-02	2.220154e-03	6.964455e-04
5.355095789452053e-06	-4.612350e-02	2.071381e-03	6.829771e-04
5.356095789452054e-06	-4.598618e-02	1.937866e-03	6.707355e-04
5.357095789452054e-06	-4.585648e-02	1.811981e-03	6.596335e-04
5.358095789452054e-06	-4.572296e-02	1.693726e-03	6.495903e-04
5.359095789452054e-06	-4.559326e-02	1.590729e-03	6.405314e-04
5.360095789452053e-06	-4.546738e-02	1.491547e-03	6.323879e-04
5.361095789452054e-06	-4.534149e-02	1.403809e-03	6.250961e-04
5.362095789452054e-06	-4.521561e-02	1.319885e-03	6.185975e-04
5.363095789452054e-06	-4.509354e-02	1.239777e-03	6.128377e-04
5.364095789452054e-06	-4.497147e-02	1.167297e-03	6.077669e-04
5.365095789452053e-06	-4.484940e-02	1.098633e-03	6.033389e-04
5.366095789452054e-06	-4.472351e-02	1.037598e-03	5.995112e-04
5.367095789452054e-06	-4.460526e-02	9.841919e-04	5.962447e-04
5.368095789452054e-06	-4.447937e-02	9.307861e-04	5.935032e-04
5.369095789452054e-06	-4.436111e-02	8.850098e-04	5.912537e-04
5.370095789452054e-06	-4.424286e-02	8.392334e-04	5.894657e-04
5.371095789452054e-06	-4.412460e-02	7.972717e-04	5.881110e-04
5.372095789452054e-06	-4.400635e-02	7.591248e-04	5.871639e-04
5.373095789452054e-06	-4.388046e-02	7.247925e-04	5.866009e-04
5.374095789452054e-06	-4.376221e-02	6.942749e-04	5.864002e-04
5.375095789452054e-06	-4.364395e-02	6.637573e-04	5.865422e-04
5.376095789452054e-06	-4.352188e-02	6.370544e-04	5.870087e-04
5.377095789452053e-06	-4.340363e-02	6.103516e-04	5.877834e-04
5.378095789452054e-06	-4.328156e-02	5.874634e-04	5.888512e-04
5.379095789452054e-06	-4.315948e-02	5.683899e-04	5.901986e-04
5.380095789452054e-06	-4.303741e-02	5.493164e-04	5.918132e-04
5.381095789452054e-06	-4.291916e-02	5.302429e-04	5.936840e-04
5.382095789452054e-06	-4.279709e-02	5.149841e-04	5.958012e-04
5.383095789452054e-06	-4.267120e-02	4.997253e-04	5.981558e-04
5.384095789452054e-06	-4.254913e-02	4.882813e-04	6.007400e-04
5.385095789452054e-06	-4.242706e-02	4.730225e-04	6.035469e-04
5.386095789452054e-06	-4.230118e-02	4.615784e-04	6.065704e-04
5.387095789452054e-06	-4.217529e-02	4.539490e-04	6.098055e-04
5.388095789452054e-06	-4.205322e-02	4.425049e-04	6.132475e-04
5.389095789452054e-06	-4.192352e-02	4.348755e-04	6.168931e-04
5.390095789452054e-06	-4.179764e-02	4.272461e-04	6.207392e-04
5.391095789452054e-06	-4.166794e-02	4.196167e-04	6.247837e-04
5.392095789452054e-06	-4.154205e-02	4.158020e-04	6.290251e-04
5.393095789452054e-06	-4.141235e-02	4.081726e-04	6.334624e-04
5.394095789452053e-06	-4.128265e-02	4.043579e-04	6.380954e-04
5.395095789452054e-06	-4.114914e-02	4.005432e-04	6.429243e-04
5.396095789452054e-06	-4.101181e-02	3.967285e-04	6.479502e-04
5.397095789452054e-06	-4.087830e-02	3.929138e-04	6.531745e-04
5.398095789452054e-06	-4.074097e-02	3.929138e-04	6.585993e-04
5.399095789452054e-06	-4.060745e-02	3.890991e-04	6.642272e-04
5.400095789452054e-06	-4.047012e-02	3.890991e-04	6.700615e-04
5.401095789452054e-06	-4.032898e-02	3.852844e-04	6.761060e-04
5.402095789452054e-06	-4.019165e-02	3.852844e-04	6.823649e-04
5.403095789452054e-06	-4.004669e-02	3.852844e-04	6.888433e-04
5.404095789452054e-06	-3.990555e-02	3.852844e-04	6.955467e-04
5.405095789452054e-06	-3.976059e-02	3.852844e-04	7.024813e-04
5.406095789452054e-06	-3.961182e-02	3.852844e-04	7.096538e-04
5.407095789452054e-06	-3.946304e-02	3.852844e-04	7.170717e-04
5.408095789452054e-06	-3.931427e-02	3.852844e-04	7.247430e-04
5.409095789452054e-06	-3.916168e-02	3.890991e-04	7.326766e-04
5.411095789452054e-06	-3.885651e-02	3.890991e-04	7.493696e-04
5.413095789452054e-06	-3.853989e-02	3.967285e-04	7.672367e-04
5.414381503737768e-06	-3.833273e-02	3.996090e-04	7.792928e-04
5.415667218023482e-06	-3.812214e-02	4.028009e-04	7.919976e-04
5.416952932309197e-06	-3.790813e-02	4.063042e-04	8.053509e-04
5.418238646594911e-06	-3.769069e-02	4.101189e-04	8.193529e-04
5.419524360880625e-06	-3.746982e-02	4.142450e-04	8.340035e-04
5.420810075166340e-06	-3.724554e-02	4.186825e-04	8.493028e-04
5.422095789452054e-06	-3.701782e-02	4.234314e-04	8.652507e-04
5.423667218023483e-06	-3.673188e-02	4.298930e-04	8.855996e-04
5.425238646594911e-06	-3.643752e-02	4.372889e-04	9.076233e-04
5.426810075166340e-06	-3.613476e-02	4.456189e-04	9.313218e-04
5.428381503737768e-06	-3.582359e-02	4.548832e-04	9.566950e-04
5.429952932309197e-06	-3.550401e-02	4.650817e-04	9.837430e-04
5.431524360880625e-06	-3.517602e-02	4.762144e-04	1.012466e-03
5.433095789452054e-06	-3.483963e-02	4.882813e-04	1.042863e-03
5.436095789452054e-06	-3.416443e-02	5.111694e-04	1.108462e-03
5.438095789452054e-06	-3.368378e-02	5.264282e-04	1.157960e-03
5.440095789452054e-06	-3.318405e-02	5.455017e-04	1.212948e-03
5.442095789452054e-06	-3.266144e-02	5.683899e-04	1.274373e-03
5.444095789452054e-06	-3.210831e-02	5.912781e-04	1.343417e-03
5.446095789452054e-06	-3.152084e-02	6.179810e-04	1.421564e-03
5.448095789452054e-06	-3.089905e-02	6.446838e-04	1.510717e-03
5.449095789452054e-06	-3.057480e-02	6.599426e-04	1.560163e-03
5.450095789452054e-06	-3.023148e-02	6.790161e-04	1.613341e-03
5.451095789452054e-06	-2.988052e-02	6.980896e-04	1.670686e-03
5.452095789452054e-06	-2.951431e-02	7.171631e-04	1.732702e-03
5.453095789452054e-06	-2.914047e-02	7.362366e-04	1.799977e-03
5.454095789452054e-06	-2.873993e-02	7.591248e-04	1.873205e-03
5.455095789452054e-06	-2.832794e-02	7.820129e-04	1.953204e-03
5.456095789452054e-06	-2.789307e-02	8.087158e-04	2.040949e-03
5.457095789452054e-06	-2.744293e-02	8.354187e-04	2.137614e-03
5.458095789452054e-06	-2.696228e-02	8.621216e-04	2.244618e-03
5.459095789452054e-06	-2.645874e-02	8.964539e-04	2.363699e-03
5.460095789452054e-06	-2.592087e-02	9.307861e-04	2.497007e-03
5.461095789452054e-06	-2.535248e-02	9.689331e-04	2.647230e-03
5.462095789452054e-06	-2.474976e-02	1.010895e-03	2.817777e-03
5.463095789452054e-06	-2.409744e-02	1.060486e-03	3.013033e-03
5.464095789452054e-06	-2.339554e-02	1.110077e-03	3.238735e-03
5.465095789452054e-06	-2.262878e-02	1.171112e-03	3.502533e-03
5.466095789452054e-06	-2.178955e-02	1.235962e-03	3.814849e-03
5.467095789452054e-06	-2.086258e-02	1.316071e-03	4.190252e-03
5.468095789452054e-06	-1.982498e-02	1.403809e-03	4.649705e-03
5.469095789452054e-06	-1.864624e-02	1.506805e-03	5.224443e-03
5.470095789452054e-06	-1.728439e-02	1.632690e-03	5.962938e-03
5.471095789452054e-06	-1.567459e-02	1.785278e-03	6.949702e-03
5.472095789452054e-06	-1.369476e-02	1.979828e-03	8.331229e-03
5.473095789452054e-06	-1.116943e-02	2.231598e-03	1.036800e-02
5.474095789452054e-06	-7.762909e-03	2.578735e-03	1.354201e-02
5.475095789452054e-06	-3.032684e-03	3.070831e-03	1.839385e-02
5.476095789452054e-06	2.872467e-03	3.746033e-03	2.371005e-02
5.477095789452054e-06	8.258820e-03	4.520416e-03	2.525722e-02
5.478069413038439e-06	1.127243e-02	5.149841e-03	2.059188e-02
5.478995095897199e-06	1.192856e-02	5.447388e-03	1.289875e-02
5.479995095897199e-06	1.113129e-02	5.393982e-03	4.862485e-03
5.480995095897200e-06	9.502411e-03	5.043030e-03	-1.411969e-03
5.481995095897199e-06	7.469177e-03	4.489899e-03	-5.628936e-03
5.482995095897199e-06	5.393982e-03	3.837585e-03	-7.934642e-03
5.483995095897199e-06	3.486633e-03	3.166199e-03	-8.715449e-03
5.484995095897199e-06	1.865387e-03	2.540588e-03	-8.447305e-03
5.485995095897199e-06	5.455017e-04	1.987457e-03	-7.561416e-03
5.486995095897199e-06	-4.806519e-04	1.525879e-03	-6.381868e-03
5.487995095897199e-06	-1.232147e-03	1.152039e-03	-5.120754e-03
5.488995095897199e-06	-1.750946e-03	8.659363e-04	-3.898541e-03
5.489995095897199e-06	-2.063751e-03	6.523132e-04	-2.775892e-03
5.490995095897199e-06	-2.204895e-03	4.997253e-04	-1.778291e-03
5.491995095897199e-06	-2.201080e-03	4.005432e-04	-9.133426e-04
5.492995095897200e-06	-2.082825e-03	3.433228e-04	-1.814039e-04
5.493995095897199e-06	-1.865387e-03	3.204346e-04	4.188510e-04
5.494995095897199e-06	-1.586914e-03	3.242493e-04	8.881313e-04
5.495995095897199e-06	-1.270294e-03	3.471375e-04	1.227287e-03
5.496995095897199e-06	-9.346008e-04	3.776550e-04	1.439093e-03
5.497995095897200e-06	-6.103516e-04	4.119873e-04	1.529382e-03
5.498995095897199e-06	-3.128052e-04	4.463196e-04	1.509176e-03
5.499995095897199e-06	-5.722046e-05	4.730225e-04	1.395886e-03
5.500995095897199e-06	1.449585e-04	4.920959e-04	1.212089e-03
5.501995095897199e-06	2.937317e-04	5.035400e-04	9.831501e-04
5.502995095897200e-06	3.852844e-04	4.997253e-04	7.344187e-04
5.503995095897199e-06	4.310608e-04	4.882813e-04	4.882695e-04
5.504995095897199e-06	4.348755e-04	4.653931e-04	2.623147e-04
5.505995095897199e-06	4.081726e-04	4.348755e-04	6.910850e-05
5.506995095897199e-06	3.547668e-04	4.005432e-04	-8.434993e-05
5.507995095897199e-06	2.937317e-04	3.623962e-04	-1.961051e-04
5.508995095897199e-06	2.250671e-04	3.242493e-04	-2.677475e-04
5.509995095897200e-06	1.602173e-04	2.861023e-04	-3.034896e-04
5.510995095897199e-06	9.536743e-05	2.479553e-04	-3.092010e-04
5.511995095897199e-06	3.814697e-05	2.136230e-04	-2.914425e-04
5.512995095897199e-06	-3.814697e-06	1.869202e-04	-2.568146e-04
5.513995095897199e-06	-3.814697e-05	1.602173e-04	-2.114901e-04
5.514995095897200e-06	-6.103516e-05	1.411438e-04	-1.609123e-04
5.515995095897199e-06	-7.247925e-05	1.220703e-04	-1.096245e-04
5.516995095897199e-06	-7.247925e-05	1.106262e-04	-6.120039e-05
5.517995095897199e-06	-6.484985e-05	9.918213e-05	-1.824708e-05
5.518995095897199e-06	-5.340576e-05	9.155273e-05	1.754014e-05
5.519995095897200e-06	-4.196167e-05	8.392334e-05	4.528611e-05
5.520995095897199e-06	-2.670288e-05	8.010864e-05	6.481860e-05
5.521995095897200e-06	-7.629395e-06	7.629395e-05	7.653551e-05
5.522995095897199e-06	1.144409e-05	7.629395e-05	8.126451e-05
5.523995095897199e-06	2.670288e-05	7.247925e-05	8.012344e-05
5.524995095897199e-06	4.196167e-05	7.247925e-05	7.438900e-05
5.525995095897199e-06	5.722046e-05	6.866455e-05	6.537994e-05
5.526995095897200e-06	6.103516e-05	6.484985e-05	5.436028e-05
5.527995095897199e-06	6.866455e-05	6.103516e-05	4.246510e-05
5.528995095897199e-06	6.866455e-05	5.722046e-05	3.065029e-05
5.529995095897199e-06	7.247925e-05	5.722046e-05	1.966481e-05
5.530995095897199e-06	7.247925e-05	5.340576e-05	1.004350e-05
5.531995095897200e-06	6.866455e-05	4.959106e-05	2.116058e-06
5.532995095897199e-06	6.866455e-05	4.577637e-05	-3.971340e-06
5.533995095897199e-06	6.484985e-05	4.196167e-05	-8.226504e-06
5.534995095897199e-06	6.484985e-05	3.814697e-05	-1.077740e-05
5.535995095897199e-06	6.103516e-05	3.433228e-05	-1.183754e-05
5.536995095897200e-06	6.103516e-05	3.051758e-05	-1.167308e-05
5.537995095897199e-06	5.722046e-05	2.670288e-05	-1.057362e-05
5.538995095897200e-06	5.340576e-05	2.288818e-05	-8.827755e-06
5.539995095897199e-06	5.340576e-05	2.288818e-05	-6.704124e-06
5.540995095897199e-06	5.340576e-05	1.907349e-05	-4.437822e-06
5.541995095897199e-06	5.340576e-05	1.907349e-05	-2.222060e-06
5.542995095897199e-06	5.340576e-05	1.525879e-05	-2.043561e-07
5.543995095897200e-06	5.340576e-05	1.525879e-05	1.513397e-06
5.544995095897199e-06	5.340576e-05	1.525879e-05	2.871885e-06
5.545995095897199e-06	5.340576e-05	1.525879e-05	3.849139e-06
5.546995095897199e-06	5.722046e-05	1.144409e-05	4.453967e-06
5.547995095897199e-06	5.722046e-05	1.144409e-05	4.718724e-06
5.548995095897200e-06	6.103516e-05	1.144409e-05	4.692091e-06
5.549995095897199e-06	6.103516e-05	1.144409e-05	4.432277e-06
5.550995095897200e-06	6.103516e-05	1.144409e-05	4.001071e-06
5.551995095897199e-06	6.103516e-05	7.629395e-06	3.458893e-06
5.553995095897200e-06	6.484985e-05	7.629395e-06	2.255004e-06
5.554995095897199e-06	6.484985e-05	7.629395e-06	1.679013e-06
5.555995095897200e-06	6.103516e-05	7.629395e-06	1.161363e-06
5.556995095897199e-06	6.103516e-05	7.629395e-06	7.206719e-07
5.557995095897199e-06	6.484985e-05	7.629395e-06	3.666671e-07
5.558995095897199e-06	6.484985e-05	3.814697e-06	1.014371e-07
5.559995095897199e-06	6.484985e-05	3.814697e-06	-7.910143e-08
5.560995095897200e-06	6.484985e-05	3.814697e-06	-1.836084e-07
5.561995095897199e-06	6.484985e-05	3.814697e-06	-2.237878e-07
5.562995095897200e-06	6.484985e-05	3.814697e-06	-2.129523e-07
5.563995095897199e-06	6.103516e-05	3.814697e-06	-1.648133e-07
5.564995095897199e-06	6.103516e-05	3.814697e-06	-9.247805e-08
5.565995095897200e-06	6.103516e-05	3.814697e-06	-7.726101e-09
5.566995095897199e-06	6.103516e-05	3.814697e-06	7.949541e-08
5.567995095897200e-06	6.103516e-05	3.814697e-06	1.613222e-07
5.568995095897199e-06	6.103516e-05	3.814697e-06	2.320549e-07
5.569995095897199e-06	6.103516e-05	3.814697e-06	2.880558e-07
5.570995095897200e-06	6.103516e-05	3.814697e-06	3.275538e-07
5.571995095897199e-06	6.103516e-05	0.000000e+00	3.503444e-07
5.572995095897200e-06	6.103516e-05	0.000000e+00	3.574715e-07
5.573995095897199e-06	6.103516e-05	0.000000e+00	3.508734e-07
5.574995095897199e-06	6.103516e-05	0.000000e+00	3.330661e-07
5.575995095897199e-06	6.103516e-05	0.000000e+00	3.068350e-07
5.576995095897199e-06	6.103516e-05	0.000000e+00	2.749973e-07
5.578995095897199e-06	6.103516e-05	0.000000e+00	2.047444e-07
5.580995095897199e-06	6.103516e-05	0.000000e+00	1.391364e-07
5.581995095897199e-06	6.103516e-05	0.000000e+00	1.114477e-07
5.582995095897200e-06	6.103516e-05	0.000000e+00	8.808593e-08
5.583995095897199e-06	6.103516e-05	0.000000e+00	6.924853e-08
5.584995095897200e-06	6.103516e-05	0.000000e+00	5.482525e-08
5.585995095897199e-06	6.103516e-05	0.000000e+00	4.445940e-08
5.586995095897199e-06	6.103516e-05	0.000000e+00	3.763176e-08
5.587995095897200e-06	6.103516e-05	0.000000e+00	3.371878e-08
5.589995095897200e-06	6.103516e-05	0.000000e+00	3.201831e-08
5.591995095897200e-06	6.103516e-05	0.000000e+00	3.445609e-08
5.593995095897199e-06	6.103516e-05	0.000000e+00	3.730111e-08
5.595995095897199e-06	6.103516e-05	0.000000e+00	3.838124e-08
5.597995095897199e-06	6.103516e-05	0.000000e+00	3.696317e-08
5.599995095897200e-06	6.103516e-05	0.000000e+00	3.334571e-08
5.601995095897200e-06	6.103516e-05	0.000000e+00	2.837055e-08
5.604995095897200e-06	6.103516e-05	0.000000e+00	2.041924e-08
5.607995095897199e-06	6.103516e-05	0.000000e+00	1.390714e-08
5.610995095897199e-06	6.103516e-05	0.000000e+00	9.691746e-09
5.613995095897200e-06	6.103516e-05	0.000000e+00	7.420056e-09
5.616995095897200e-06	6.103516e-05	0.000000e+00	6.260620e-09
5.619280810182914e-06	6.103516e-05	0.000000e+00	5.631241e-09
5.621566524468628e-06	6.103516e-05	0.000000e+00	5.010764e-09
5.623852238754342e-06	6.103516e-05	0.000000e+00	4.399191e-09
5.626137953040056e-06	6.103516e-05	0.000000e+00	3.796521e-09
5.628423667325770e-06	6.103516e-05	0.000000e+00	3.202754e-09
5.630709381611485e-06	6.103516e-05	0.000000e+00	2.617890e-09
5.632995095897199e-06	6.103516e-05	0.000000e+00	2.041929e-09
5.636995095897199e-06	6.103516e-05	0.000000e+00	1.553439e-09
5.640995095897199e-06	6.103516e-05	0.000000e+00	1.141548e-09
5.644995095897199e-06	6.103516e-05	0.000000e+00	8.062553e-10
5.648995095897199e-06	6.103516e-05	0.000000e+00	5.475609e-10
5.652995095897200e-06	6.103516e-05	0.000000e+00	3.654649e-10
5.656995095897199e-06	6.103516e-05	0.000000e+00	2.599675e-10
5.660995095897200e-06	6.103516e-05	0.000000e+00	2.310685e-10
5.675852238754342e-06	6.103516e-05	0.000000e+00	1.372829e-10
5.690709381611485e-06	6.103516e-05	0.000000e+00	6.376671e-11
5.705566524468628e-06	6.103516e-05	0.000000e+00	1.051998e-11
5.720423667325771e-06	6.103516e-05	0.000000e+00	-2.245733e-11
5.735280810182914e-06	6.103516e-05	0.000000e+00	-3.516520e-11
5.750137953040057e-06	6.103516e-05	0.000000e+00	-2.760363e-11
5.764995095897200e-06	6.103516e-05	0.000000e+00	2.273737e-13
6.042995095897200e-06	6.103516e-05	0.000000e+00	1.136868e-13
7.066995095897203e-06	6.103516e-05	0.000000e+00	5.684342e-14
8.090995095897205e-06	6.103516e-05	0.000000e+00	5.684342e-14
9.114995095897207e-06	6.103516e-05	0.000000e+00	0.000000e+00
9.998995095897209e-06	6.103516e-05	0.000000e+00	2.842171e-14
9.999995095897210e-06	6.103516e-05	0.000000e+00	2.719816e-08
1.000000000000000e-05	6.103516e-05	0.000000e+00	2.733222e-08
