time	V(N023,Vo_led4)	V(Vcc_led,Vi_led4)	I(D31)
0.000000000000000e+00	6.484985e-05	0.000000e+00	-4.451180e-15
1.020500000000002e-06	6.484985e-05	0.000000e+00	9.324907e-15
2.044500000000005e-06	6.484985e-05	0.000000e+00	4.157234e-15
3.068500000000007e-06	6.484985e-05	0.000000e+00	6.923475e-15
4.092500000000010e-06	6.484985e-05	0.000000e+00	2.674382e-15
5.010000000000000e-06	6.484985e-05	0.000000e+00	4.440892e-16
5.010019715145013e-06	6.484985e-05	0.000000e+00	-3.380623e-06
5.010059145435038e-06	6.103516e-05	0.000000e+00	-1.271263e-05
5.010138006015088e-06	4.959106e-05	0.000000e+00	-4.114109e-05
5.010227035294069e-06	3.051758e-05	0.000000e+00	-8.793086e-05
5.010336559075816e-06	3.814697e-06	0.000000e+00	-1.665689e-04
5.010481969313194e-06	-4.577637e-05	-3.814697e-06	-3.010479e-04
5.010702518271233e-06	-1.525879e-04	-7.629395e-06	-5.522216e-04
5.011035725063062e-06	-3.585815e-04	-2.288818e-05	-9.924310e-04
5.011518584884819e-06	-7.133484e-04	-4.959106e-05	-1.673615e-03
5.012049753897344e-06	-1.178741e-03	-9.918213e-05	-2.376915e-03
5.013049753897344e-06	-2.143860e-03	-2.212524e-04	-3.444669e-03
5.014049753897344e-06	-3.139496e-03	-3.662109e-04	-4.150417e-03
5.015049753897344e-06	-4.123688e-03	-5.226135e-04	-4.542078e-03
5.015200000000000e-06	-4.272461e-03	-5.455017e-04	-4.569989e-03
5.015500492205312e-06	-4.550934e-03	-5.912781e-04	-4.592275e-03
5.015599015589376e-06	4.501724e-02	-4.348755e-04	1.436150e-01
5.015645193776747e-06	2.335663e-01	1.258850e-04	7.075136e-01
5.015664564659407e-06	4.936333e-01	1.029968e-03	1.483415e+00
5.015683924337226e-06	9.016418e-01	2.952576e-03	2.693701e+00
5.015702526369323e-06	1.307873e+00	5.897522e-03	3.885131e+00
5.015727616324634e-06	1.815426e+00	1.174927e-02	5.346054e+00
5.015777796235256e-06	2.724026e+00	2.899933e-02	7.880197e+00
5.015878156056498e-06	4.300821e+00	7.736969e-02	1.209286e+01
5.015988121264548e-06	5.652912e+00	1.487656e-01	1.550384e+01
5.016200000000000e-06	7.650498e+00	3.127022e-01	2.022516e+01
5.016221187873545e-06	7.777575e+00	3.318596e-01	2.048542e+01
5.016263563620635e-06	8.005524e+00	3.706703e-01	2.093466e+01
5.016348315114816e-06	8.369661e+00	4.498215e-01	2.157938e+01
5.016484032782208e-06	8.798617e+00	5.784721e-01	2.218668e+01
5.016553133253584e-06	8.950474e+00	6.443977e-01	2.231231e+01
5.016555313238289e-06	8.953205e+00	6.464767e-01	2.231046e+01
5.016559673207695e-06	8.956171e+00	6.506271e-01	2.229952e+01
5.016568393146509e-06	8.960506e+00	6.589165e-01	2.227298e+01
5.016583852145430e-06	8.965473e+00	6.735687e-01	2.221839e+01
5.016599330355697e-06	8.968029e+00	6.881638e-01	2.215749e+01
5.016630286776233e-06	8.969518e+00	7.170944e-01	2.202825e+01
5.016692199617305e-06	8.969818e+00	7.739639e-01	2.177356e+01
5.016816025299447e-06	8.971936e+00	8.845177e-01	2.130381e+01
5.016997410437395e-06	8.980668e+00	1.040318e+00	2.069274e+01
5.017194168062481e-06	8.994155e+00	1.201759e+00	2.010674e+01
5.017385850668373e-06	9.012343e+00	1.352165e+00	1.960329e+01
5.017516393995950e-06	9.034110e+00	1.450603e+00	1.931714e+01
5.017662729993599e-06	9.069007e+00	1.557468e+00	1.905515e+01
5.017775908439059e-06	9.098051e+00	1.637962e+00	1.888575e+01
5.017920934447408e-06	9.133380e+00	1.738174e+00	1.874492e+01
5.018210986464110e-06	9.193455e+00	1.933071e+00	1.866322e+01
5.018553586794556e-06	9.232546e+00	2.157070e+00	1.868291e+01
5.018893988149402e-06	9.223288e+00	2.372559e+00	1.864976e+01
5.019267991856710e-06	9.177312e+00	2.600483e+00	1.851977e+01
5.019596980412797e-06	9.129755e+00	2.792362e+00	1.837930e+01
5.019972253777386e-06	9.076619e+00	2.998852e+00	1.821981e+01
5.020722800506564e-06	8.976283e+00	3.381321e+00	1.792031e+01
5.021673410258091e-06	8.860297e+00	3.820305e+00	1.757394e+01
5.022673410258090e-06	8.751794e+00	4.229874e+00	1.725002e+01
5.023673410258091e-06	8.656502e+00	4.589886e+00	1.696561e+01
5.024673410258090e-06	8.573076e+00	4.905773e+00	1.671667e+01
5.025673410258091e-06	8.500081e+00	5.182976e+00	1.649890e+01
5.026673410258090e-06	8.436219e+00	5.426254e+00	1.630842e+01
5.027673410258091e-06	8.380348e+00	5.639790e+00	1.614179e+01
5.028673410258091e-06	8.331461e+00	5.827240e+00	1.599602e+01
5.029673410258090e-06	8.288680e+00	5.991810e+00	1.586847e+01
5.030673410258091e-06	8.251236e+00	6.136314e+00	1.575684e+01
5.031673410258090e-06	8.218457e+00	6.263210e+00	1.565913e+01
5.032673410258091e-06	8.189755e+00	6.374657e+00	1.557359e+01
5.033673410258091e-06	8.164620e+00	6.472542e+00	1.549868e+01
5.034673410258090e-06	8.142604e+00	6.558533e+00	1.543307e+01
5.035673410258091e-06	8.123317e+00	6.634079e+00	1.537559e+01
5.036673410258090e-06	8.106417e+00	6.700451e+00	1.532524e+01
5.037673410258091e-06	8.091607e+00	6.758774e+00	1.528111e+01
5.038673410258091e-06	8.078625e+00	6.810028e+00	1.524243e+01
5.039673410258090e-06	8.067247e+00	6.855068e+00	1.520853e+01
5.040673410258091e-06	8.057269e+00	6.894661e+00	1.517880e+01
5.041673410258090e-06	8.048521e+00	6.929459e+00	1.515274e+01
5.042673410258091e-06	8.040847e+00	6.960052e+00	1.512988e+01
5.043673410258091e-06	8.034118e+00	6.986950e+00	1.510983e+01
5.044673410258091e-06	8.028214e+00	7.010597e+00	1.509225e+01
5.045673410258091e-06	8.023035e+00	7.031387e+00	1.507682e+01
5.046673410258090e-06	8.018491e+00	7.049675e+00	1.506328e+01
5.047673410258091e-06	8.014503e+00	7.065758e+00	1.505140e+01
5.048673410258090e-06	8.011003e+00	7.079899e+00	1.504098e+01
5.049673410258091e-06	8.007932e+00	7.092335e+00	1.503183e+01
5.050673410258091e-06	8.005236e+00	7.103275e+00	1.502380e+01
5.051673410258090e-06	8.002869e+00	7.112900e+00	1.501675e+01
5.052673410258091e-06	8.000791e+00	7.121368e+00	1.501056e+01
5.053673410258090e-06	7.998967e+00	7.128819e+00	1.500513e+01
5.054673410258091e-06	7.997366e+00	7.135372e+00	1.500036e+01
5.055673410258091e-06	7.995960e+00	7.141140e+00	1.499617e+01
5.056673410258091e-06	7.994725e+00	7.146217e+00	1.499249e+01
5.057673410258091e-06	7.993640e+00	7.150684e+00	1.498926e+01
5.058673410258090e-06	7.992688e+00	7.154613e+00	1.498643e+01
5.059673410258091e-06	7.991851e+00	7.158073e+00	1.498393e+01
5.060673410258091e-06	7.991117e+00	7.161121e+00	1.498175e+01
5.061673410258091e-06	7.990472e+00	7.163803e+00	1.497982e+01
5.062673410258091e-06	7.989905e+00	7.166164e+00	1.497814e+01
5.063673410258090e-06	7.989407e+00	7.168243e+00	1.497665e+01
5.064673410258091e-06	7.988970e+00	7.170071e+00	1.497535e+01
5.065673410258090e-06	7.988586e+00	7.171684e+00	1.497421e+01
5.066673410258091e-06	7.988248e+00	7.173103e+00	1.497320e+01
5.067673410258091e-06	7.987952e+00	7.174351e+00	1.497232e+01
5.068673410258091e-06	7.987692e+00	7.175453e+00	1.497154e+01
5.069673410258091e-06	7.987462e+00	7.176422e+00	1.497086e+01
5.070673410258090e-06	7.987262e+00	7.177277e+00	1.497026e+01
5.071673410258091e-06	7.987085e+00	7.178028e+00	1.496974e+01
5.072673410258091e-06	7.986931e+00	7.178692e+00	1.496928e+01
5.073673410258091e-06	7.986794e+00	7.179276e+00	1.496887e+01
5.074673410258091e-06	7.986674e+00	7.179790e+00	1.496851e+01
5.075673410258090e-06	7.986569e+00	7.180244e+00	1.496820e+01
5.076673410258091e-06	7.986477e+00	7.180645e+00	1.496793e+01
5.077673410258091e-06	7.986396e+00	7.180996e+00	1.496768e+01
5.078673410258091e-06	7.986324e+00	7.181309e+00	1.496747e+01
5.079673410258091e-06	7.986261e+00	7.181583e+00	1.496729e+01
5.080673410258090e-06	7.986207e+00	7.181824e+00	1.496712e+01
5.081673410258091e-06	7.986159e+00	7.182037e+00	1.496698e+01
5.082673410258090e-06	7.986116e+00	7.182228e+00	1.496685e+01
5.083673410258091e-06	7.986079e+00	7.182392e+00	1.496674e+01
5.084673410258091e-06	7.986046e+00	7.182537e+00	1.496664e+01
5.085673410258091e-06	7.986017e+00	7.182667e+00	1.496656e+01
5.086673410258091e-06	7.985992e+00	7.182781e+00	1.496648e+01
5.087673410258090e-06	7.985970e+00	7.182880e+00	1.496641e+01
5.088673410258091e-06	7.985950e+00	7.182968e+00	1.496636e+01
5.089673410258091e-06	7.985933e+00	7.183048e+00	1.496630e+01
5.090673410258091e-06	7.985918e+00	7.183121e+00	1.496626e+01
5.091673410258091e-06	7.985905e+00	7.183182e+00	1.496622e+01
5.092673410258090e-06	7.985894e+00	7.183235e+00	1.496619e+01
5.093673410258091e-06	7.985883e+00	7.183281e+00	1.496616e+01
5.094673410258091e-06	7.985874e+00	7.183327e+00	1.496613e+01
5.095673410258091e-06	7.985866e+00	7.183361e+00	1.496611e+01
5.096673410258091e-06	7.985859e+00	7.183395e+00	1.496609e+01
5.097673410258091e-06	7.985853e+00	7.183426e+00	1.496607e+01
5.098673410258091e-06	7.985848e+00	7.183449e+00	1.496605e+01
5.099673410258090e-06	7.985843e+00	7.183472e+00	1.496604e+01
5.100673410258091e-06	7.985839e+00	7.183495e+00	1.496603e+01
5.101673410258091e-06	7.985836e+00	7.183510e+00	1.496602e+01
5.102673410258091e-06	7.985832e+00	7.183525e+00	1.496601e+01
5.103673410258091e-06	7.985829e+00	7.183540e+00	1.496600e+01
5.104673410258090e-06	7.985827e+00	7.183552e+00	1.496599e+01
5.105673410258091e-06	7.985825e+00	7.183563e+00	1.496598e+01
5.106673410258091e-06	7.985824e+00	7.183575e+00	1.496598e+01
5.107673410258091e-06	7.985822e+00	7.183582e+00	1.496597e+01
5.108673410258091e-06	7.985820e+00	7.183590e+00	1.496597e+01
5.109673410258090e-06	7.985819e+00	7.183598e+00	1.496597e+01
5.110673410258091e-06	7.985818e+00	7.183601e+00	1.496596e+01
5.111673410258091e-06	7.985817e+00	7.183609e+00	1.496596e+01
5.112673410258091e-06	7.985817e+00	7.183613e+00	1.496596e+01
5.113673410258091e-06	7.985816e+00	7.183617e+00	1.496595e+01
5.114673410258091e-06	7.985815e+00	7.183620e+00	1.496595e+01
5.115673410258091e-06	7.985814e+00	7.183624e+00	1.496595e+01
5.116673410258090e-06	7.985813e+00	7.183628e+00	1.496595e+01
5.117673410258091e-06	7.985813e+00	7.183628e+00	1.496595e+01
5.118673410258091e-06	7.985813e+00	7.183632e+00	1.496595e+01
5.119673410258091e-06	7.985812e+00	7.183632e+00	1.496595e+01
5.120673410258091e-06	7.985813e+00	7.183636e+00	1.496595e+01
5.121673410258090e-06	7.985811e+00	7.183636e+00	1.496594e+01
5.122673410258091e-06	7.985812e+00	7.183640e+00	1.496594e+01
5.123673410258091e-06	7.985812e+00	7.183640e+00	1.496594e+01
5.124673410258091e-06	7.985811e+00	7.183640e+00	1.496594e+01
5.125673410258091e-06	7.985812e+00	7.183643e+00	1.496594e+01
5.126673410258091e-06	7.985811e+00	7.183643e+00	1.496594e+01
5.127673410258091e-06	7.985811e+00	7.183643e+00	1.496594e+01
5.128673410258091e-06	7.985811e+00	7.183643e+00	1.496594e+01
5.129673410258091e-06	7.985810e+00	7.183643e+00	1.496594e+01
5.130673410258091e-06	7.985811e+00	7.183647e+00	1.496594e+01
5.131673410258091e-06	7.985811e+00	7.183647e+00	1.496594e+01
5.132673410258091e-06	7.985811e+00	7.183647e+00	1.496594e+01
5.133673410258090e-06	7.985810e+00	7.183647e+00	1.496594e+01
5.134673410258091e-06	7.985811e+00	7.183647e+00	1.496594e+01
5.135673410258091e-06	7.985811e+00	7.183647e+00	1.496594e+01
5.136673410258091e-06	7.985811e+00	7.183647e+00	1.496594e+01
5.137673410258091e-06	7.985811e+00	7.183647e+00	1.496594e+01
5.138673410258090e-06	7.985810e+00	7.183647e+00	1.496594e+01
5.139673410258091e-06	7.985810e+00	7.183647e+00	1.496594e+01
5.140673410258091e-06	7.985810e+00	7.183651e+00	1.496594e+01
5.141673410258091e-06	7.985810e+00	7.183651e+00	1.496594e+01
5.142673410258091e-06	7.985810e+00	7.183651e+00	1.496594e+01
5.143673410258091e-06	7.985810e+00	7.183651e+00	1.496594e+01
5.144673410258091e-06	7.985810e+00	7.183651e+00	1.496594e+01
5.145673410258091e-06	7.985810e+00	7.183651e+00	1.496594e+01
5.146673410258091e-06	7.985810e+00	7.183651e+00	1.496594e+01
5.147673410258091e-06	7.985810e+00	7.183651e+00	1.496594e+01
5.148673410258091e-06	7.985810e+00	7.183651e+00	1.496594e+01
5.149673410258091e-06	7.985810e+00	7.183651e+00	1.496594e+01
5.150673410258090e-06	7.985810e+00	7.183651e+00	1.496594e+01
5.151673410258091e-06	7.985810e+00	7.183651e+00	1.496594e+01
5.152673410258091e-06	7.985810e+00	7.183651e+00	1.496594e+01
5.153673410258091e-06	7.985811e+00	7.183651e+00	1.496594e+01
5.154673410258091e-06	7.985811e+00	7.183651e+00	1.496594e+01
5.155673410258091e-06	7.985811e+00	7.183651e+00	1.496594e+01
5.156673410258091e-06	7.985811e+00	7.183651e+00	1.496594e+01
5.157673410258091e-06	7.985811e+00	7.183651e+00	1.496594e+01
5.158673410258091e-06	7.985811e+00	7.183651e+00	1.496594e+01
5.159673410258091e-06	7.985811e+00	7.183651e+00	1.496594e+01
5.160673410258091e-06	7.985811e+00	7.183651e+00	1.496594e+01
5.161673410258091e-06	7.985811e+00	7.183651e+00	1.496594e+01
5.162673410258091e-06	7.985811e+00	7.183651e+00	1.496594e+01
5.163673410258091e-06	7.985811e+00	7.183651e+00	1.496594e+01
5.164673410258091e-06	7.985811e+00	7.183651e+00	1.496594e+01
5.165673410258091e-06	7.985811e+00	7.183651e+00	1.496594e+01
5.166673410258091e-06	7.985810e+00	7.183651e+00	1.496594e+01
5.167673410258091e-06	7.985810e+00	7.183651e+00	1.496594e+01
5.168673410258091e-06	7.985810e+00	7.183651e+00	1.496594e+01
5.169673410258091e-06	7.985810e+00	7.183651e+00	1.496594e+01
5.170673410258091e-06	7.985810e+00	7.183651e+00	1.496594e+01
5.171673410258091e-06	7.985810e+00	7.183651e+00	1.496594e+01
5.172673410258091e-06	7.985810e+00	7.183651e+00	1.496594e+01
5.173673410258091e-06	7.985810e+00	7.183651e+00	1.496594e+01
5.174673410258091e-06	7.985811e+00	7.183651e+00	1.496594e+01
5.175673410258091e-06	7.985811e+00	7.183651e+00	1.496594e+01
5.176673410258091e-06	7.985811e+00	7.183651e+00	1.496594e+01
5.177673410258091e-06	7.985811e+00	7.183651e+00	1.496594e+01
5.178673410258091e-06	7.985811e+00	7.183651e+00	1.496594e+01
5.179673410258091e-06	7.985811e+00	7.183651e+00	1.496594e+01
5.180673410258091e-06	7.985811e+00	7.183651e+00	1.496594e+01
5.181673410258091e-06	7.985811e+00	7.183651e+00	1.496594e+01
5.182673410258091e-06	7.985811e+00	7.183651e+00	1.496594e+01
5.183673410258091e-06	7.985811e+00	7.183651e+00	1.496594e+01
5.184673410258091e-06	7.985811e+00	7.183651e+00	1.496594e+01
5.185673410258091e-06	7.985811e+00	7.183651e+00	1.496594e+01
5.186673410258091e-06	7.985810e+00	7.183651e+00	1.496594e+01
5.187673410258091e-06	7.985810e+00	7.183651e+00	1.496594e+01
5.188673410258091e-06	7.985810e+00	7.183651e+00	1.496594e+01
5.189673410258091e-06	7.985810e+00	7.183651e+00	1.496594e+01
5.190673410258091e-06	7.985810e+00	7.183651e+00	1.496594e+01
5.192673410258091e-06	7.985810e+00	7.183651e+00	1.496594e+01
5.194673410258091e-06	7.985810e+00	7.183651e+00	1.496594e+01
5.196673410258091e-06	7.985810e+00	7.183651e+00	1.496594e+01
5.198673410258091e-06	7.985810e+00	7.183651e+00	1.496594e+01
5.200673410258091e-06	7.985810e+00	7.183651e+00	1.496594e+01
5.202673410258091e-06	7.985811e+00	7.183651e+00	1.496594e+01
5.204673410258091e-06	7.985811e+00	7.183651e+00	1.496594e+01
5.206673410258091e-06	7.985811e+00	7.183651e+00	1.496594e+01
5.209673410258091e-06	7.985811e+00	7.183651e+00	1.496594e+01
5.212673410258091e-06	7.985810e+00	7.183651e+00	1.496594e+01
5.213673410258091e-06	7.985810e+00	7.183651e+00	1.496594e+01
5.214673410258091e-06	7.985810e+00	7.183651e+00	1.496594e+01
5.215200000000000e-06	7.985810e+00	7.183651e+00	1.496594e+01
5.216200000000000e-06	7.985813e+00	7.183651e+00	1.496595e+01
5.216300000000000e-06	7.985964e+00	7.183655e+00	1.496640e+01
5.216500000000000e-06	7.986289e+00	7.183666e+00	1.496738e+01
5.216900000000000e-06	7.986936e+00	7.183720e+00	1.496930e+01
5.217700000000000e-06	7.988114e+00	7.183914e+00	1.497281e+01
5.218700000000000e-06	7.989395e+00	7.184280e+00	1.497663e+01
5.219700000000000e-06	7.990456e+00	7.184757e+00	1.497979e+01
5.220700000000000e-06	7.991293e+00	7.185314e+00	1.498228e+01
5.221700000000000e-06	7.991932e+00	7.185909e+00	1.498418e+01
5.222100000000000e-06	7.992126e+00	7.186153e+00	1.498476e+01
5.222300000000000e-06	7.992196e+00	7.186279e+00	1.498497e+01
5.222700000000000e-06	7.992295e+00	7.186523e+00	1.498526e+01
5.223100000000000e-06	7.992363e+00	7.186764e+00	1.498546e+01
5.223140000000000e-06	7.992312e+00	7.186787e+00	1.498531e+01
5.223220000000000e-06	7.992191e+00	7.186832e+00	1.498494e+01
5.223380000000000e-06	7.991922e+00	7.186916e+00	1.498414e+01
5.223700000000000e-06	7.991364e+00	7.187057e+00	1.498247e+01
5.224340000000000e-06	7.990230e+00	7.187248e+00	1.497910e+01
5.225340000000000e-06	7.988383e+00	7.187351e+00	1.497360e+01
5.226340000000000e-06	7.986381e+00	7.187218e+00	1.496764e+01
5.227340000000000e-06	7.984079e+00	7.186821e+00	1.496077e+01
5.228340000000000e-06	7.981221e+00	7.186123e+00	1.495225e+01
5.229339999999999e-06	7.977272e+00	7.185051e+00	1.494048e+01
5.230340000000000e-06	7.970653e+00	7.183388e+00	1.492074e+01
5.231340000000000e-06	7.948189e+00	7.179993e+00	1.485369e+01
5.232340000000000e-06	7.894734e+00	7.173767e+00	1.469406e+01
5.232465000000000e-06	7.880482e+00	7.172356e+00	1.465149e+01
5.232715000000000e-06	7.838193e+00	7.167824e+00	1.452531e+01
5.233214999999999e-06	7.742142e+00	7.153423e+00	1.423910e+01
5.234215000000000e-06	7.477023e+00	7.108215e+00	1.344908e+01
5.234822898102192e-06	7.234475e+00	7.065575e+00	1.272688e+01
5.235266438310659e-06	7.064740e+00	7.022251e+00	1.222306e+01
5.235696769891683e-06	6.922168e+00	6.972633e+00	1.179982e+01
5.235990299336279e-06	6.764793e+00	6.934082e+00	1.133097e+01
5.236273823366223e-06	6.511064e+00	6.888893e+00	1.057571e+01
5.236644608090566e-06	5.976681e+00	6.812038e+00	8.987178e+00
5.237016993641123e-06	5.029739e+00	6.695343e+00	6.183701e+00
5.237568119005608e-06	2.756550e+00	6.429192e+00	-4.990051e-01
5.237933481784775e-06	6.708031e-01	6.187199e+00	-6.588200e+00
5.237945696397755e-06	5.861340e-01	6.177101e+00	-6.833541e+00
5.237970125623714e-06	4.016800e-01	6.154678e+00	-7.365399e+00
5.238018984075631e-06	2.114105e-02	6.108555e+00	-8.460946e+00
5.238046581118185e-06	-1.976929e-01	6.081539e+00	-9.089271e+00
5.238067292059203e-06	-3.621063e-01	6.060387e+00	-9.559831e+00
5.238084393665974e-06	-4.969215e-01	6.042210e+00	-9.944817e+00
5.238102006030677e-06	-6.356430e-01	6.022648e+00	-1.033996e+01
5.238164537673988e-06	-1.122734e+00	5.947380e+00	-1.171893e+01
5.238218677897312e-06	-1.514965e+00	5.876766e+00	-1.281664e+01
5.238226621205339e-06	-1.523373e+00	5.865864e+00	-1.282871e+01
5.238253855404291e-06	-1.524925e+00	5.828491e+00	-1.278618e+01
5.238508041261175e-06	-1.452942e+00	5.492767e+00	-1.213279e+01
5.238798539383327e-06	-1.367027e+00	5.137829e+00	-1.138283e+01
5.239379535627632e-06	-1.207447e+00	4.492287e+00	-9.934365e+00
5.239982405508324e-06	-1.059673e+00	3.899876e+00	-8.502584e+00
5.240524993959800e-06	-9.444504e-01	3.439880e+00	-7.284908e+00
5.241111610797003e-06	-8.373985e-01	3.013176e+00	-6.039044e+00
5.241671916999656e-06	-7.501335e-01	2.665592e+00	-4.910462e+00
5.242260161617970e-06	-6.728859e-01	2.357925e+00	-3.788236e+00
5.242823654731192e-06	-6.110191e-01	2.111786e+00	-2.796426e+00
5.243405459540964e-06	-5.578346e-01	1.901260e+00	-1.918420e+00
5.243971442844313e-06	-5.144081e-01	1.731209e+00	-1.254601e+00
5.244551239730938e-06	-4.765892e-01	1.585220e+00	-7.672547e-01
5.245119781757365e-06	-4.445343e-01	1.463261e+00	-4.417258e-01
5.245697672490459e-06	-4.159584e-01	1.355915e+00	-2.244421e-01
5.246267578389429e-06	-3.909149e-01	1.262760e+00	-8.733504e-02
5.246844117105352e-06	-3.681679e-01	1.178780e+00	-1.097535e-03
5.247415085202892e-06	-3.478165e-01	1.104000e+00	5.013892e-02
5.248032824535098e-06	-3.279533e-01	1.031223e+00	8.075845e-02
5.248809633260625e-06	-3.055916e-01	9.494400e-01	9.853737e-02
5.249745398314140e-06	-2.817688e-01	8.622818e-01	1.042100e-01
5.250745398314139e-06	-2.594872e-01	7.806816e-01	1.007800e-01
5.251745398314140e-06	-2.401047e-01	7.095337e-01	9.301290e-02
5.252745398314139e-06	-2.232513e-01	6.474953e-01	8.387984e-02
5.253745398314139e-06	-2.085724e-01	5.932999e-01	7.476769e-02
5.254745398314140e-06	-1.957741e-01	5.459023e-01	6.624014e-02
5.255745398314139e-06	-1.846046e-01	5.044136e-01	5.849334e-02
5.256745398314140e-06	-1.748428e-01	4.680672e-01	5.156141e-02
5.257745398314139e-06	-1.663094e-01	4.362068e-01	4.540944e-02
5.258745398314139e-06	-1.588402e-01	4.082527e-01	3.997565e-02
5.259745398314139e-06	-1.522942e-01	3.837051e-01	3.519041e-02
5.260745398314139e-06	-1.465569e-01	3.621330e-01	3.098471e-02
5.261745398314140e-06	-1.415176e-01	3.431587e-01	2.729380e-02
5.262745398314139e-06	-1.370811e-01	3.264503e-01	2.405846e-02
5.263745398314139e-06	-1.331749e-01	3.117180e-01	2.122539e-02
5.264745398314139e-06	-1.297302e-01	2.987099e-01	1.874701e-02
5.265745398314139e-06	-1.266823e-01	2.872009e-01	1.658106e-02
5.266745398314140e-06	-1.239853e-01	2.770042e-01	1.469024e-02
5.267745398314139e-06	-1.215820e-01	2.679443e-01	1.304166e-02
5.268745398314140e-06	-1.194458e-01	2.598763e-01	1.160648e-02
5.269745398314139e-06	-1.175270e-01	2.526627e-01	1.035948e-02
5.270745398314139e-06	-1.158066e-01	2.461929e-01	9.278706e-03
5.271745398314140e-06	-1.142502e-01	2.403641e-01	8.345182e-03
5.272745398314139e-06	-1.128387e-01	2.350769e-01	7.542645e-03
5.273745398314140e-06	-1.115417e-01	2.302513e-01	6.857385e-03
5.274745398314139e-06	-1.103516e-01	2.258148e-01	6.278155e-03
5.275745398314139e-06	-1.092377e-01	2.216911e-01	5.796221e-03
5.276745398314139e-06	-1.081848e-01	2.178192e-01	5.405618e-03
5.277745398314139e-06	-1.071739e-01	2.141266e-01	5.103800e-03
5.278745398314140e-06	-1.061935e-01	2.105408e-01	4.893064e-03
5.279745398314139e-06	-1.052132e-01	2.069778e-01	4.783803e-03
5.280745398314140e-06	-1.041985e-01	2.033234e-01	4.804809e-03
5.281745398314139e-06	-1.030846e-01	1.993713e-01	5.036603e-03
5.282745398314139e-06	-1.016617e-01	1.944847e-01	5.882298e-03
5.283745398314140e-06	-9.922791e-02	1.871643e-01	8.963397e-03
5.284179576526626e-06	-9.756088e-02	1.818810e-01	1.144075e-02
5.284478078169686e-06	-9.630585e-02	1.771622e-01	1.299727e-02
5.284616511254349e-06	-9.572601e-02	1.749344e-01	1.359637e-02
5.284729319889959e-06	-9.527969e-02	1.731491e-01	1.396074e-02
5.284788322672075e-06	-9.502792e-02	1.722221e-01	1.419800e-02
5.284818833508393e-06	-9.490967e-02	1.717453e-01	1.428141e-02
5.284839785627237e-06	-9.483337e-02	1.714211e-01	1.432550e-02
5.284858852867268e-06	-9.474945e-02	1.711235e-01	1.439720e-02
5.284878780361006e-06	-9.467316e-02	1.708145e-01	1.444935e-02
5.284905933130816e-06	-9.456635e-02	1.703949e-01	1.452396e-02
5.284960238670436e-06	-9.435272e-02	1.695557e-01	1.466346e-02
5.285068849749675e-06	-9.392929e-02	1.679001e-01	1.491409e-02
5.285286071908156e-06	-9.310913e-02	1.646576e-01	1.531492e-02
5.285720516225115e-06	-9.151459e-02	1.584206e-01	1.580559e-02
5.286589404859034e-06	-8.850479e-02	1.466637e-01	1.609046e-02
5.287589404859034e-06	-8.528900e-02	1.341324e-01	1.574735e-02
5.288589404859034e-06	-8.234024e-02	1.226730e-01	1.496758e-02
5.289589404859034e-06	-7.963943e-02	1.122131e-01	1.399976e-02
5.290589404859034e-06	-7.717133e-02	1.026535e-01	1.298599e-02
5.291589404859034e-06	-7.490158e-02	9.391785e-02	1.199324e-02
5.292589404859034e-06	-7.282257e-02	8.592606e-02	1.105136e-02
5.293589404859034e-06	-7.091141e-02	7.861710e-02	1.017199e-02
5.294589404859034e-06	-6.916046e-02	7.193375e-02	9.357934e-03
5.295589404859034e-06	-6.754303e-02	6.581879e-02	8.607815e-03
5.296589404859034e-06	-6.606293e-02	6.022644e-02	7.918387e-03
5.297589404859034e-06	-6.470490e-02	5.511475e-02	7.285667e-03
5.298589404859034e-06	-6.344986e-02	5.043411e-02	6.705492e-03
5.299589404859034e-06	-6.229782e-02	4.615402e-02	6.173784e-03
5.300589404859034e-06	-6.123352e-02	4.224014e-02	5.686664e-03
5.301589404859034e-06	-6.025696e-02	3.865814e-02	5.240504e-03
5.302589404859034e-06	-5.935287e-02	3.538132e-02	4.831936e-03
5.303589404859034e-06	-5.851746e-02	3.238297e-02	4.457850e-03
5.304589404859034e-06	-5.774689e-02	2.964020e-02	4.115380e-03
5.305589404859034e-06	-5.703735e-02	2.713394e-02	3.801894e-03
5.306589404859034e-06	-5.638123e-02	2.484131e-02	3.514970e-03
5.307589404859034e-06	-5.577087e-02	2.274323e-02	3.252386e-03
5.308589404859034e-06	-5.521011e-02	2.082062e-02	3.012102e-03
5.309589404859034e-06	-5.468369e-02	1.906586e-02	2.792248e-03
5.310589404859034e-06	-5.419540e-02	1.745605e-02	2.591108e-03
5.311589404859034e-06	-5.374527e-02	1.598740e-02	2.407108e-03
5.312589404859034e-06	-5.332184e-02	1.464081e-02	2.238807e-03
5.313589404859034e-06	-5.292511e-02	1.341248e-02	2.084882e-03
5.314589404859034e-06	-5.255890e-02	1.228714e-02	1.944122e-03
5.315589404859034e-06	-5.221558e-02	1.126099e-02	1.815418e-03
5.316589404859034e-06	-5.189514e-02	1.031494e-02	1.697752e-03
5.317589404859034e-06	-5.159760e-02	9.456635e-03	1.590192e-03
5.318589404859034e-06	-5.130768e-02	8.666992e-03	1.491887e-03
5.319589404859034e-06	-5.104828e-02	7.946014e-03	1.402054e-03
5.320589404859034e-06	-5.079269e-02	7.286072e-03	1.319978e-03
5.321589404859034e-06	-5.055237e-02	6.683350e-03	1.245003e-03
5.322589404859034e-06	-5.032730e-02	6.134033e-03	1.176531e-03
5.323589404859034e-06	-5.011368e-02	5.626678e-03	1.114011e-03
5.324589404859034e-06	-4.991150e-02	5.165100e-03	1.056941e-03
5.325589404859034e-06	-4.971695e-02	4.745483e-03	1.004861e-03
5.326589404859034e-06	-4.953384e-02	4.356384e-03	9.573502e-04
5.327589404859034e-06	-4.935455e-02	4.005432e-03	9.140222e-04
5.328589404859034e-06	-4.918289e-02	3.681183e-03	8.745244e-04
5.329589404859034e-06	-4.902267e-02	3.387451e-03	8.385340e-04
5.330589404859034e-06	-4.886246e-02	3.112793e-03	8.057555e-04
5.331589404859034e-06	-4.870987e-02	2.868652e-03	7.759186e-04
5.332589404859034e-06	-4.856491e-02	2.639771e-03	7.487758e-04
5.333589404859034e-06	-4.841995e-02	2.433777e-03	7.241009e-04
5.334589404859034e-06	-4.828644e-02	2.246857e-03	7.016865e-04
5.335589404859034e-06	-4.814911e-02	2.071381e-03	6.813435e-04
5.336589404859035e-06	-4.801559e-02	1.914978e-03	6.628985e-04
5.337589404859034e-06	-4.788589e-02	1.770020e-03	6.461928e-04
5.338589404859034e-06	-4.776382e-02	1.640320e-03	6.310816e-04
5.339589404859034e-06	-4.764175e-02	1.518250e-03	6.174322e-04
5.340589404859034e-06	-4.751968e-02	1.407623e-03	6.051233e-04
5.341589404859034e-06	-4.739761e-02	1.304626e-03	5.940440e-04
5.342589404859034e-06	-4.727936e-02	1.213074e-03	5.840929e-04
5.343589404859034e-06	-4.716492e-02	1.129150e-03	5.751774e-04
5.344589404859034e-06	-4.705048e-02	1.052856e-03	5.672126e-04
5.345589404859034e-06	-4.693985e-02	9.803772e-04	5.601211e-04
5.346589404859034e-06	-4.682541e-02	9.155273e-04	5.538321e-04
5.347589404859034e-06	-4.671478e-02	8.544922e-04	5.482809e-04
5.348589404859034e-06	-4.660416e-02	8.010864e-04	5.434084e-04
5.349589404859034e-06	-4.649734e-02	7.553101e-04	5.391606e-04
5.350589404859034e-06	-4.639053e-02	7.095337e-04	5.354883e-04
5.351589404859034e-06	-4.627991e-02	6.675720e-04	5.323464e-04
5.352589404859034e-06	-4.616928e-02	6.294250e-04	5.296938e-04
5.353589404859035e-06	-4.606247e-02	5.950928e-04	5.274931e-04
5.354589404859034e-06	-4.595566e-02	5.645752e-04	5.257102e-04
5.355589404859034e-06	-4.584885e-02	5.378723e-04	5.243138e-04
5.356589404859034e-06	-4.574203e-02	5.111694e-04	5.232755e-04
5.357589404859034e-06	-4.563904e-02	4.882813e-04	5.225694e-04
5.358589404859034e-06	-4.552841e-02	4.653931e-04	5.221721e-04
5.359589404859034e-06	-4.542160e-02	4.463196e-04	5.220622e-04
5.360589404859034e-06	-4.531479e-02	4.272461e-04	5.222203e-04
5.361589404859034e-06	-4.520798e-02	4.119873e-04	5.226285e-04
5.362589404859034e-06	-4.509735e-02	3.967285e-04	5.232711e-04
5.363589404859034e-06	-4.499435e-02	3.852844e-04	5.241334e-04
5.364589404859034e-06	-4.488754e-02	3.738403e-04	5.252023e-04
5.365589404859035e-06	-4.477692e-02	3.623962e-04	5.264661e-04
5.366589404859034e-06	-4.467010e-02	3.509521e-04	5.279140e-04
5.367589404859034e-06	-4.456329e-02	3.433228e-04	5.295366e-04
5.368589404859034e-06	-4.445267e-02	3.356934e-04	5.313251e-04
5.369589404859034e-06	-4.434586e-02	3.280640e-04	5.332720e-04
5.370589404859035e-06	-4.423523e-02	3.204346e-04	5.353705e-04
5.371589404859034e-06	-4.412460e-02	3.166199e-04	5.376145e-04
5.372589404859034e-06	-4.401016e-02	3.089905e-04	5.399985e-04
5.373589404859034e-06	-4.390335e-02	3.051758e-04	5.425183e-04
5.374589404859034e-06	-4.378891e-02	3.013611e-04	5.451695e-04
5.375589404859034e-06	-4.367828e-02	2.975464e-04	5.479489e-04
5.376589404859034e-06	-4.356384e-02	2.937317e-04	5.508534e-04
5.377589404859034e-06	-4.344940e-02	2.937317e-04	5.538808e-04
5.378589404859034e-06	-4.333496e-02	2.899170e-04	5.570291e-04
5.379589404859034e-06	-4.321671e-02	2.899170e-04	5.602969e-04
5.380589404859034e-06	-4.310226e-02	2.861023e-04	5.636830e-04
5.381589404859034e-06	-4.298401e-02	2.861023e-04	5.671869e-04
5.382589404859035e-06	-4.286957e-02	2.861023e-04	5.708082e-04
5.383589404859034e-06	-4.275131e-02	2.822876e-04	5.745471e-04
5.384589404859034e-06	-4.263306e-02	2.822876e-04	5.784040e-04
5.385589404859034e-06	-4.251480e-02	2.822876e-04	5.823796e-04
5.386589404859034e-06	-4.239655e-02	2.822876e-04	5.864750e-04
5.387589404859035e-06	-4.227066e-02	2.822876e-04	5.906916e-04
5.388589404859034e-06	-4.215240e-02	2.822876e-04	5.950311e-04
5.389589404859034e-06	-4.202652e-02	2.822876e-04	5.994954e-04
5.390589404859034e-06	-4.190063e-02	2.822876e-04	6.040870e-04
5.391589404859034e-06	-4.177475e-02	2.861023e-04	6.088083e-04
5.392589404859034e-06	-4.164886e-02	2.861023e-04	6.136622e-04
5.393589404859034e-06	-4.152298e-02	2.861023e-04	6.186520e-04
5.395589404859034e-06	-4.126358e-02	2.899170e-04	6.290530e-04
5.397589404859034e-06	-4.100037e-02	2.899170e-04	6.400429e-04
5.400589404859034e-06	-4.059982e-02	2.975464e-04	6.577128e-04
5.402303690573320e-06	-4.036440e-02	3.004269e-04	6.683927e-04
5.404017976287606e-06	-4.012462e-02	3.036188e-04	6.797116e-04
5.405732262001892e-06	-3.988048e-02	3.071221e-04	6.916696e-04
5.407446547716177e-06	-3.963198e-02	3.109368e-04	7.042665e-04
5.409160833430462e-06	-3.937912e-02	3.150629e-04	7.175024e-04
5.410875119144749e-06	-3.912190e-02	3.195004e-04	7.313774e-04
5.412589404859034e-06	-3.886032e-02	3.242493e-04	7.458914e-04
5.414446547716177e-06	-3.856737e-02	3.300102e-04	7.623708e-04
5.416303690573320e-06	-3.826725e-02	3.363940e-04	7.801746e-04
5.418160833430463e-06	-3.795997e-02	3.434006e-04	7.993030e-04
5.420017976287606e-06	-3.764553e-02	3.510300e-04	8.197557e-04
5.421875119144748e-06	-3.732393e-02	3.592822e-04	8.415330e-04
5.423732262001891e-06	-3.699517e-02	3.681572e-04	8.646346e-04
5.425589404859034e-06	-3.665924e-02	3.776550e-04	8.890608e-04
5.428589404859035e-06	-3.609085e-02	3.929138e-04	9.330492e-04
5.431589404859034e-06	-3.548813e-02	4.081726e-04	9.828081e-04
5.434589404859034e-06	-3.485107e-02	4.272461e-04	1.039523e-03
5.436589404859034e-06	-3.440475e-02	4.425049e-04	1.081937e-03
5.438589404859035e-06	-3.393555e-02	4.577637e-04	1.128682e-03
5.440589404859035e-06	-3.345490e-02	4.730225e-04	1.180445e-03
5.442589404859034e-06	-3.294373e-02	4.920959e-04	1.238066e-03
5.444589404859034e-06	-3.240204e-02	5.149841e-04	1.302585e-03
5.446589404859034e-06	-3.183746e-02	5.340576e-04	1.375298e-03
5.448589404859034e-06	-3.123093e-02	5.607605e-04	1.457853e-03
5.449589404859034e-06	-3.091812e-02	5.760193e-04	1.503460e-03
5.450589404859035e-06	-3.059387e-02	5.874634e-04	1.552366e-03
5.451589404859034e-06	-3.025436e-02	6.027222e-04	1.604940e-03
5.452589404859035e-06	-2.990723e-02	6.217957e-04	1.661606e-03
5.453589404859034e-06	-2.954102e-02	6.370544e-04	1.722857e-03
5.454589404859034e-06	-2.915955e-02	6.561279e-04	1.789266e-03
5.455589404859035e-06	-2.877045e-02	6.752014e-04	1.861508e-03
5.456589404859034e-06	-2.835464e-02	6.980896e-04	1.940381e-03
5.457589404859035e-06	-2.792358e-02	7.209778e-04	2.026832e-03
5.458589404859034e-06	-2.746964e-02	7.476807e-04	2.121999e-03
5.459589404859034e-06	-2.699661e-02	7.743835e-04	2.227260e-03
5.460589404859035e-06	-2.649307e-02	8.010864e-04	2.344297e-03
5.461589404859034e-06	-2.595901e-02	8.354187e-04	2.475187e-03
5.462589404859035e-06	-2.539825e-02	8.697510e-04	2.622523e-03
5.463589404859034e-06	-2.479553e-02	9.078979e-04	2.789588e-03
5.464589404859035e-06	-2.415085e-02	9.536743e-04	2.980594e-03
5.465589404859034e-06	-2.345276e-02	9.994507e-04	3.201040e-03
5.466589404859034e-06	-2.268982e-02	1.052856e-03	3.458237e-03
5.467589404859035e-06	-2.185822e-02	1.113892e-03	3.762116e-03
5.468589404859034e-06	-2.094269e-02	1.186371e-03	4.126509e-03
5.469589404859035e-06	-1.991653e-02	1.270294e-03	4.571243e-03
5.470589404859034e-06	-1.875305e-02	1.365662e-03	5.125725e-03
5.471589404859034e-06	-1.741409e-02	1.480103e-03	5.838087e-03
5.472589404859035e-06	-1.582336e-02	1.617432e-03	6.786472e-03
5.473589404859034e-06	-1.388550e-02	1.796722e-03	8.101233e-03
5.474589404859035e-06	-1.142502e-02	2.029419e-03	1.002492e-02
5.475589404859034e-06	-8.117676e-03	2.346039e-03	1.301505e-02
5.476589404859034e-06	-3.498077e-03	2.799988e-03	1.766474e-02
5.477589404859035e-06	2.399445e-03	3.433228e-03	2.312069e-02
5.478589404859034e-06	8.075714e-03	4.184723e-03	2.554375e-02
5.479457505856778e-06	1.110840e-02	4.760742e-03	2.220390e-02
5.480351934532987e-06	1.200104e-02	5.088806e-03	1.501020e-02
5.481351934532987e-06	1.139069e-02	5.088806e-03	6.746253e-03
5.482351934532987e-06	9.853363e-03	4.776001e-03	4.939412e-05
5.483351934532986e-06	7.865906e-03	4.245758e-03	-4.598686e-03
5.484351934532987e-06	5.790710e-03	3.604889e-03	-7.288676e-03
5.485351934532987e-06	3.868103e-03	2.937317e-03	-8.383744e-03
5.486351934532987e-06	2.216339e-03	2.307892e-03	-8.347982e-03
5.487351934532987e-06	8.621216e-04	1.750946e-03	-7.618230e-03
5.488351934532986e-06	-1.983643e-04	1.285553e-03	-6.535336e-03
5.489351934532987e-06	-9.803772e-04	9.117126e-04	-5.327587e-03
5.490351934532986e-06	-1.529694e-03	6.256104e-04	-4.129803e-03
5.491351934532987e-06	-1.876831e-03	4.119873e-04	-3.013334e-03
5.492351934532987e-06	-2.048492e-03	2.670288e-04	-2.010932e-03
5.493351934532987e-06	-2.071381e-03	1.754761e-04	-1.134702e-03
5.494351934532987e-06	-1.979828e-03	1.258850e-04	-3.874995e-04
5.495351934532986e-06	-1.792908e-03	1.106262e-04	2.308260e-04
5.496351934532987e-06	-1.533508e-03	1.220703e-04	7.205339e-04
5.497351934532987e-06	-1.232147e-03	1.487732e-04	1.082299e-03
5.498351934532987e-06	-9.155273e-04	1.869202e-04	1.318655e-03
5.499351934532987e-06	-5.989075e-04	2.326965e-04	1.434855e-03
5.500351934532986e-06	-3.128052e-04	2.746582e-04	1.440916e-03
5.501351934532987e-06	-6.103516e-05	3.089905e-04	1.352954e-03
5.502351934532987e-06	1.411438e-04	3.356934e-04	1.192206e-03
5.503351934532987e-06	2.899170e-04	3.509521e-04	9.829927e-04
5.504351934532987e-06	3.852844e-04	3.585815e-04	7.498110e-04
5.505351934532986e-06	4.348755e-04	3.509521e-04	5.146021e-04
5.506351934532987e-06	4.425049e-04	3.395081e-04	2.952757e-04
5.507351934532986e-06	4.196167e-04	3.166199e-04	1.047184e-04
5.508351934532987e-06	3.738403e-04	2.899170e-04	-4.943761e-05
5.509351934532987e-06	3.128052e-04	2.593994e-04	-1.642036e-04
5.510351934532987e-06	2.479553e-04	2.250671e-04	-2.404639e-04
5.511351934532987e-06	1.831055e-04	1.945496e-04	-2.818564e-04
5.512351934532986e-06	1.220703e-04	1.640320e-04	-2.936568e-04
5.513351934532987e-06	6.866455e-05	1.373291e-04	-2.819556e-04
5.514351934532987e-06	2.288818e-05	1.144409e-04	-2.529993e-04
5.515351934532987e-06	-7.629395e-06	9.155273e-05	-2.127121e-04
5.516351934532987e-06	-3.051758e-05	7.629395e-05	-1.663796e-04
5.517351934532986e-06	-4.577637e-05	6.103516e-05	-1.184632e-04
5.518351934532987e-06	-4.577637e-05	5.340576e-05	-7.251382e-05
5.519351934532987e-06	-4.577637e-05	4.577637e-05	-3.116986e-05
5.520351934532987e-06	-3.433228e-05	4.196167e-05	3.800395e-06
5.521351934532987e-06	-1.907349e-05	3.814697e-05	3.143256e-05
5.522351934532987e-06	-7.629395e-06	3.814697e-05	5.144545e-05
5.523351934532987e-06	7.629395e-06	3.433228e-05	6.411041e-05
5.524351934532987e-06	2.288818e-05	3.433228e-05	7.012665e-05
5.525351934532987e-06	3.814697e-05	3.433228e-05	7.048735e-05
5.526351934532987e-06	4.959106e-05	3.433228e-05	6.635404e-05
5.527351934532987e-06	5.722046e-05	3.433228e-05	5.894455e-05
5.528351934532987e-06	6.484985e-05	3.433228e-05	4.943958e-05
5.529351934532986e-06	6.866455e-05	3.433228e-05	3.891039e-05
5.530351934532987e-06	7.247925e-05	3.051758e-05	2.826901e-05
5.531351934532987e-06	7.629395e-05	3.051758e-05	1.823968e-05
5.532351934532987e-06	7.629395e-05	2.670288e-05	9.349616e-06
5.533351934532987e-06	7.247925e-05	2.670288e-05	1.935449e-06
5.534351934532986e-06	7.247925e-05	2.288818e-05	-3.838355e-06
5.535351934532987e-06	7.247925e-05	1.907349e-05	-7.953188e-06
5.536351934532987e-06	6.866455e-05	1.907349e-05	-1.050561e-05
5.537351934532987e-06	6.484985e-05	1.525879e-05	-1.167557e-05
5.538351934532987e-06	6.484985e-05	1.525879e-05	-1.169598e-05
5.539351934532987e-06	6.103516e-05	1.144409e-05	-1.082536e-05
5.540351934532987e-06	5.722046e-05	1.144409e-05	-9.324915e-06
5.541351934532987e-06	6.103516e-05	7.629395e-06	-7.440422e-06
5.542351934532987e-06	5.722046e-05	7.629395e-06	-5.389180e-06
5.543351934532987e-06	5.722046e-05	7.629395e-06	-3.351731e-06
5.544351934532987e-06	5.722046e-05	7.629395e-06	-1.467827e-06
5.545351934532987e-06	5.722046e-05	7.629395e-06	1.639801e-07
5.546351934532986e-06	5.722046e-05	3.814697e-06	1.483947e-06
5.547351934532987e-06	6.103516e-05	3.814697e-06	2.466649e-06
5.548351934532987e-06	6.103516e-05	3.814697e-06	3.115214e-06
5.549351934532987e-06	6.484985e-05	3.814697e-06	3.454867e-06
5.550351934532987e-06	6.484985e-05	3.814697e-06	3.526428e-06
5.551351934532987e-06	6.484985e-05	3.814697e-06	3.380150e-06
5.552351934532987e-06	6.484985e-05	3.814697e-06	3.070282e-06
5.553351934532987e-06	6.484985e-05	3.814697e-06	2.650524e-06
5.554351934532987e-06	6.484985e-05	3.814697e-06	2.170526e-06
5.555351934532987e-06	6.484985e-05	3.814697e-06	1.673398e-06
5.556351934532987e-06	6.484985e-05	3.814697e-06	1.194225e-06
5.557351934532987e-06	6.484985e-05	3.814697e-06	7.594242e-07
5.558351934532987e-06	6.484985e-05	3.814697e-06	3.868506e-07
5.559351934532987e-06	6.484985e-05	3.814697e-06	8.643076e-08
5.560351934532987e-06	6.484985e-05	3.814697e-06	-1.387802e-07
5.561351934532987e-06	6.484985e-05	0.000000e+00	-2.913311e-07
5.562351934532987e-06	6.866455e-05	0.000000e+00	-3.779840e-07
5.563351934532986e-06	6.866455e-05	0.000000e+00	-4.083623e-07
5.564351934532987e-06	6.484985e-05	0.000000e+00	-3.936799e-07
5.565351934532987e-06	6.484985e-05	0.000000e+00	-3.456586e-07
5.566351934532987e-06	6.484985e-05	0.000000e+00	-2.756281e-07
5.567351934532987e-06	6.484985e-05	0.000000e+00	-1.938649e-07
5.568351934532987e-06	6.103516e-05	0.000000e+00	-1.091286e-07
5.569351934532987e-06	6.103516e-05	0.000000e+00	-2.841708e-08
5.570351934532987e-06	6.103516e-05	0.000000e+00	4.312380e-08
5.571351934532987e-06	6.484985e-05	0.000000e+00	1.021304e-07
5.572351934532987e-06	6.484985e-05	0.000000e+00	1.468633e-07
5.573351934532987e-06	6.484985e-05	0.000000e+00	1.769594e-07
5.574351934532987e-06	6.484985e-05	0.000000e+00	1.931608e-07
5.575351934532987e-06	6.484985e-05	0.000000e+00	1.970142e-07
5.576351934532987e-06	6.484985e-05	0.000000e+00	1.905957e-07
5.577351934532987e-06	6.484985e-05	0.000000e+00	1.762469e-07
5.578351934532987e-06	6.484985e-05	0.000000e+00	1.563637e-07
5.580351934532987e-06	6.484985e-05	0.000000e+00	1.088204e-07
5.582351934532987e-06	6.484985e-05	0.000000e+00	6.265392e-08
5.583351934532987e-06	6.484985e-05	0.000000e+00	4.311309e-08
5.584351934532987e-06	6.484985e-05	0.000000e+00	2.680213e-08
5.585351934532987e-06	6.484985e-05	0.000000e+00	1.395452e-08
5.586351934532987e-06	6.484985e-05	0.000000e+00	4.536673e-09
5.587351934532987e-06	6.484985e-05	0.000000e+00	-1.698936e-09
5.588351934532987e-06	6.484985e-05	0.000000e+00	-5.145694e-09
5.590351934532987e-06	6.484985e-05	0.000000e+00	-5.660212e-09
5.592351934532987e-06	6.484985e-05	0.000000e+00	-1.121776e-09
5.594351934532987e-06	6.484985e-05	0.000000e+00	4.872646e-09
5.596351934532987e-06	6.484985e-05	0.000000e+00	9.870718e-09
5.598351934532987e-06	6.484985e-05	0.000000e+00	1.268276e-08
5.600351934532987e-06	6.484985e-05	0.000000e+00	1.315925e-08
5.603351934532987e-06	6.484985e-05	0.000000e+00	1.069876e-08
5.606066220247273e-06	6.484985e-05	0.000000e+00	7.211048e-09
5.608780505961558e-06	6.484985e-05	0.000000e+00	4.429712e-09
5.611494791675844e-06	6.484985e-05	0.000000e+00	2.354746e-09
5.614209077390130e-06	6.484985e-05	0.000000e+00	9.861518e-10
5.616923363104416e-06	6.484985e-05	0.000000e+00	3.239280e-10
5.619637648818701e-06	6.484985e-05	0.000000e+00	3.680752e-10
5.622351934532987e-06	6.484985e-05	0.000000e+00	1.118593e-09
5.626780505961559e-06	6.484985e-05	0.000000e+00	8.249669e-10
5.631209077390130e-06	6.484985e-05	0.000000e+00	5.797825e-10
5.635637648818701e-06	6.484985e-05	0.000000e+00	3.830402e-10
5.640066220247273e-06	6.484985e-05	0.000000e+00	2.347397e-10
5.644494791675844e-06	6.484985e-05	0.000000e+00	1.348813e-10
5.648923363104416e-06	6.484985e-05	0.000000e+00	8.346480e-11
5.653351934532987e-06	6.484985e-05	0.000000e+00	8.049028e-11
6.044351934532988e-06	6.484985e-05	0.000000e+00	2.842171e-14
7.068351934532991e-06	6.484985e-05	0.000000e+00	1.421085e-14
8.092351934532992e-06	6.484985e-05	0.000000e+00	2.131628e-14
9.116351934532995e-06	6.484985e-05	0.000000e+00	7.105427e-15
9.999351934532998e-06	6.484985e-05	0.000000e+00	2.095506e-11
1.000000000000000e-05	6.484985e-05	0.000000e+00	5.955769e-11
