time	V(N008,N012)	V(Vcc_led,Vi_led7)	I(D16)
0.000000000000000e+00	3.433228e-05	0.000000e+00	2.600286e-15
1.020500000000002e-06	3.433228e-05	0.000000e+00	6.170171e-15
2.044500000000005e-06	3.433228e-05	0.000000e+00	4.947155e-15
3.068500000000007e-06	3.433228e-05	0.000000e+00	1.859315e-15
4.092500000000010e-06	3.433228e-05	0.000000e+00	-1.881351e-15
5.010000000000000e-06	3.433228e-05	0.000000e+00	-3.774758e-15
5.010035653355826e-06	3.051758e-05	0.000000e+00	-4.159504e-06
5.010106960067477e-06	2.670288e-05	0.000000e+00	-1.610960e-05
5.010203938121369e-06	1.907349e-05	0.000000e+00	-4.115787e-05
5.010321947209085e-06	3.814697e-06	0.000000e+00	-8.481387e-05
5.010454315782025e-06	-2.288818e-05	0.000000e+00	-1.502736e-04
5.010662764557725e-06	-7.247925e-05	-3.814697e-06	-2.806713e-04
5.010955742085392e-06	-1.678467e-04	-7.629395e-06	-4.994367e-04
5.011373564694756e-06	-3.356934e-04	-2.288818e-05	-8.455317e-04
5.011890379871701e-06	-5.874634e-04	-4.959106e-05	-1.269529e-03
5.012687757039231e-06	-1.018524e-03	-1.029968e-04	-1.822671e-03
5.013687757039231e-06	-1.586914e-03	-1.907349e-04	-2.295490e-03
5.014687757039231e-06	-2.143860e-03	-2.822876e-04	-2.545543e-03
5.015148054874627e-06	-2.395630e-03	-3.280640e-04	-2.587953e-03
5.015542103238364e-06	-2.593994e-03	-3.662109e-04	-2.578447e-03
5.015619740372787e-06	5.001831e-02	-2.098083e-04	1.627602e-01
5.015655622429514e-06	1.867371e-01	2.479553e-04	5.916193e-01
5.015671706271553e-06	3.269806e-01	8.392334e-04	1.029732e+00
5.015687890340919e-06	5.087929e-01	1.934052e-03	1.593215e+00
5.015710671735378e-06	7.563515e-01	4.238129e-03	2.349109e+00
5.015745252749262e-06	1.098816e+00	9.376526e-03	3.367878e+00
5.015814414777029e-06	1.707748e+00	2.410507e-02	5.105777e+00
5.015911925020160e-06	2.440355e+00	5.224609e-02	7.075501e+00
5.016030395898770e-06	3.135513e+00	9.585953e-02	8.784412e+00
5.016200000000000e-06	3.910946e+00	1.673813e-01	1.049946e+01
5.016216960410123e-06	3.963434e+00	1.753960e-01	1.059575e+01
5.016250881230369e-06	4.059616e+00	1.915779e-01	1.076126e+01
5.016318722870860e-06	4.217287e+00	2.244492e-01	1.099287e+01
5.016454406151844e-06	4.455334e+00	2.909622e-01	1.124013e+01
5.016521296728340e-06	4.538532e+00	3.238983e-01	1.126571e+01
5.016523554480875e-06	4.540154e+00	3.250084e-01	1.126313e+01
5.016528069985945e-06	4.542027e+00	3.272247e-01	1.125385e+01
5.016537100996085e-06	4.544930e+00	3.316422e-01	1.123281e+01
5.016553800352679e-06	4.548752e+00	3.397827e-01	1.118959e+01
5.016570340236352e-06	4.551155e+00	3.478012e-01	1.114335e+01
5.016603420003700e-06	4.553894e+00	3.636551e-01	1.104740e+01
5.016668116835754e-06	4.557749e+00	3.940582e-01	1.086480e+01
5.016790112603296e-06	4.565607e+00	4.495811e-01	1.054913e+01
5.016968186647984e-06	4.579561e+00	5.272255e-01	1.014157e+01
5.017164240178990e-06	4.596548e+00	6.085434e-01	9.747258e+00
5.017354833473962e-06	4.615452e+00	6.838455e-01	9.411001e+00
5.017487496765111e-06	4.633415e+00	7.340698e-01	9.213041e+00
5.017626881709779e-06	4.657179e+00	7.850456e-01	9.036598e+00
5.017747049679742e-06	4.678595e+00	8.277359e-01	8.898026e+00
5.017889046157964e-06	4.702991e+00	8.764877e-01	8.744711e+00
5.018145118695571e-06	4.742956e+00	9.607964e-01	8.481367e+00
5.018441637765314e-06	4.777239e+00	1.053577e+00	8.169792e+00
5.018708923869031e-06	4.789398e+00	1.131840e+00	7.860141e+00
5.019033633756301e-06	4.785954e+00	1.220428e+00	7.459908e+00
5.019244883566377e-06	4.780060e+00	1.273834e+00	7.208889e+00
5.019555117875912e-06	4.770933e+00	1.345024e+00	6.880866e+00
5.020142578311100e-06	4.754576e+00	1.464043e+00	6.410183e+00
5.021142578311100e-06	4.728992e+00	1.640038e+00	5.954124e+00
5.022142578311101e-06	4.705769e+00	1.794941e+00	5.770430e+00
5.023142578311100e-06	4.684786e+00	1.934498e+00	5.700129e+00
5.024142578311101e-06	4.665785e+00	2.062496e+00	5.643587e+00
5.025142578311100e-06	4.648584e+00	2.180084e+00	5.591938e+00
5.026142578311100e-06	4.633009e+00	2.288124e+00	5.545284e+00
5.027142578311101e-06	4.618893e+00	2.387409e+00	5.502625e+00
5.028142578311100e-06	4.606083e+00	2.478657e+00	5.463997e+00
5.029142578311101e-06	4.594446e+00	2.562542e+00	5.428906e+00
5.030142578311100e-06	4.583862e+00	2.639679e+00	5.397007e+00
5.031142578311101e-06	4.574228e+00	2.710625e+00	5.367976e+00
5.032142578311101e-06	4.565451e+00	2.775887e+00	5.341528e+00
5.033142578311100e-06	4.557444e+00	2.835930e+00	5.317411e+00
5.034142578311101e-06	4.550133e+00	2.891182e+00	5.295399e+00
5.035142578311100e-06	4.543453e+00	2.942032e+00	5.275291e+00
5.036142578311101e-06	4.537348e+00	2.988838e+00	5.256910e+00
5.037142578311100e-06	4.531759e+00	3.031925e+00	5.240094e+00
5.038142578311100e-06	4.526642e+00	3.071594e+00	5.224701e+00
5.039142578311101e-06	4.521955e+00	3.108120e+00	5.210601e+00
5.040142578311100e-06	4.517662e+00	3.141750e+00	5.197679e+00
5.041142578311101e-06	4.513721e+00	3.172722e+00	5.185830e+00
5.042142578311100e-06	4.510107e+00	3.201248e+00	5.174960e+00
5.043142578311100e-06	4.506788e+00	3.227516e+00	5.164984e+00
5.044142578311101e-06	4.503744e+00	3.251717e+00	5.155825e+00
5.045142578311100e-06	4.500946e+00	3.274006e+00	5.147413e+00
5.046142578311101e-06	4.498373e+00	3.294537e+00	5.139685e+00
5.047142578311100e-06	4.496012e+00	3.313454e+00	5.132582e+00
5.048142578311101e-06	4.493839e+00	3.330879e+00	5.126054e+00
5.049142578311101e-06	4.491842e+00	3.346931e+00	5.120051e+00
5.050142578311100e-06	4.490005e+00	3.361721e+00	5.114530e+00
5.051142578311101e-06	4.488316e+00	3.375351e+00	5.109452e+00
5.052142578311100e-06	4.486761e+00	3.387905e+00	5.104780e+00
5.053142578311101e-06	4.485329e+00	3.399471e+00	5.100481e+00
5.054142578311100e-06	4.484013e+00	3.410130e+00	5.096524e+00
5.055142578311100e-06	4.482800e+00	3.419952e+00	5.092883e+00
5.056142578311101e-06	4.481684e+00	3.429001e+00	5.089530e+00
5.057142578311100e-06	4.480658e+00	3.437340e+00	5.086444e+00
5.058142578311101e-06	4.479713e+00	3.445023e+00	5.083602e+00
5.059142578311100e-06	4.478842e+00	3.452103e+00	5.080986e+00
5.060142578311101e-06	4.478039e+00	3.458630e+00	5.078576e+00
5.061142578311101e-06	4.477299e+00	3.464642e+00	5.076357e+00
5.062142578311100e-06	4.476620e+00	3.470184e+00	5.074313e+00
5.063142578311101e-06	4.475992e+00	3.475288e+00	5.072430e+00
5.064142578311100e-06	4.475414e+00	3.479992e+00	5.070696e+00
5.065142578311101e-06	4.474884e+00	3.484329e+00	5.069098e+00
5.066142578311101e-06	4.474394e+00	3.488323e+00	5.067626e+00
5.067142578311100e-06	4.473944e+00	3.492004e+00	5.066271e+00
5.068142578311101e-06	4.473524e+00	3.495399e+00	5.065022e+00
5.069142578311100e-06	4.473143e+00	3.498524e+00	5.063870e+00
5.070142578311101e-06	4.472792e+00	3.501404e+00	5.062810e+00
5.071142578311100e-06	4.472466e+00	3.504059e+00	5.061833e+00
5.072142578311100e-06	4.472166e+00	3.506508e+00	5.060933e+00
5.073142578311101e-06	4.471889e+00	3.508759e+00	5.060103e+00
5.074142578311100e-06	4.471636e+00	3.510838e+00	5.059340e+00
5.075142578311101e-06	4.471399e+00	3.512753e+00	5.058635e+00
5.076142578311100e-06	4.471186e+00	3.514519e+00	5.057986e+00
5.077142578311101e-06	4.470984e+00	3.516144e+00	5.057388e+00
5.078142578311101e-06	4.470800e+00	3.517647e+00	5.056837e+00
5.079142578311100e-06	4.470633e+00	3.519028e+00	5.056329e+00
5.080142578311101e-06	4.470478e+00	3.520302e+00	5.055861e+00
5.081142578311100e-06	4.470333e+00	3.521473e+00	5.055430e+00
5.082142578311101e-06	4.470200e+00	3.522552e+00	5.055033e+00
5.083142578311101e-06	4.470078e+00	3.523552e+00	5.054667e+00
5.084142578311100e-06	4.469965e+00	3.524467e+00	5.054329e+00
5.085142578311101e-06	4.469864e+00	3.525314e+00	5.054018e+00
5.086142578311100e-06	4.469767e+00	3.526093e+00	5.053731e+00
5.087142578311101e-06	4.469679e+00	3.526810e+00	5.053467e+00
5.088142578311100e-06	4.469599e+00	3.527473e+00	5.053224e+00
5.089142578311101e-06	4.469524e+00	3.528084e+00	5.052999e+00
5.090142578311101e-06	4.469454e+00	3.528648e+00	5.052793e+00
5.091142578311100e-06	4.469391e+00	3.529167e+00	5.052602e+00
5.092142578311101e-06	4.469334e+00	3.529640e+00	5.052426e+00
5.093142578311100e-06	4.469280e+00	3.530083e+00	5.052265e+00
5.094142578311101e-06	4.469229e+00	3.530487e+00	5.052115e+00
5.095142578311101e-06	4.469183e+00	3.530861e+00	5.051978e+00
5.096142578311100e-06	4.469141e+00	3.531208e+00	5.051851e+00
5.097142578311101e-06	4.469103e+00	3.531525e+00	5.051734e+00
5.098142578311100e-06	4.469067e+00	3.531818e+00	5.051627e+00
5.099142578311101e-06	4.469034e+00	3.532089e+00	5.051528e+00
5.100142578311101e-06	4.469004e+00	3.532337e+00	5.051436e+00
5.101142578311100e-06	4.468975e+00	3.532566e+00	5.051353e+00
5.102142578311101e-06	4.468948e+00	3.532776e+00	5.051275e+00
5.103142578311100e-06	4.468925e+00	3.532970e+00	5.051203e+00
5.104142578311101e-06	4.468904e+00	3.533150e+00	5.051137e+00
5.105142578311101e-06	4.468884e+00	3.533314e+00	5.051076e+00
5.106142578311101e-06	4.468863e+00	3.533466e+00	5.051021e+00
5.107142578311101e-06	4.468847e+00	3.533607e+00	5.050969e+00
5.108142578311100e-06	4.468830e+00	3.533733e+00	5.050921e+00
5.109142578311101e-06	4.468817e+00	3.533852e+00	5.050878e+00
5.110142578311100e-06	4.468803e+00	3.533966e+00	5.050838e+00
5.111142578311101e-06	4.468792e+00	3.534065e+00	5.050800e+00
5.112142578311101e-06	4.468781e+00	3.534161e+00	5.050766e+00
5.113142578311100e-06	4.468771e+00	3.534245e+00	5.050734e+00
5.114142578311101e-06	4.468760e+00	3.534325e+00	5.050705e+00
5.115142578311100e-06	4.468752e+00	3.534397e+00	5.050678e+00
5.116142578311101e-06	4.468742e+00	3.534462e+00	5.050653e+00
5.117142578311101e-06	4.468735e+00	3.534527e+00	5.050631e+00
5.118142578311101e-06	4.468727e+00	3.534584e+00	5.050610e+00
5.119142578311101e-06	4.468721e+00	3.534637e+00	5.050591e+00
5.120142578311100e-06	4.468714e+00	3.534683e+00	5.050572e+00
5.121142578311101e-06	4.468708e+00	3.534729e+00	5.050556e+00
5.122142578311101e-06	4.468704e+00	3.534771e+00	5.050541e+00
5.123142578311101e-06	4.468700e+00	3.534809e+00	5.050527e+00
5.124142578311101e-06	4.468697e+00	3.534843e+00	5.050514e+00
5.125142578311100e-06	4.468693e+00	3.534874e+00	5.050502e+00
5.126142578311101e-06	4.468687e+00	3.534904e+00	5.050491e+00
5.127142578311100e-06	4.468683e+00	3.534931e+00	5.050481e+00
5.128142578311101e-06	4.468681e+00	3.534958e+00	5.050472e+00
5.129142578311101e-06	4.468679e+00	3.534981e+00	5.050463e+00
5.130142578311101e-06	4.468676e+00	3.535004e+00	5.050455e+00
5.131142578311101e-06	4.468674e+00	3.535023e+00	5.050448e+00
5.132142578311100e-06	4.468672e+00	3.535042e+00	5.050441e+00
5.133142578311101e-06	4.468670e+00	3.535057e+00	5.050435e+00
5.134142578311101e-06	4.468668e+00	3.535072e+00	5.050429e+00
5.135142578311101e-06	4.468666e+00	3.535088e+00	5.050424e+00
5.136142578311101e-06	4.468664e+00	3.535099e+00	5.050419e+00
5.137142578311100e-06	4.468662e+00	3.535110e+00	5.050415e+00
5.138142578311101e-06	4.468662e+00	3.535122e+00	5.050411e+00
5.139142578311101e-06	4.468660e+00	3.535133e+00	5.050407e+00
5.140142578311101e-06	4.468660e+00	3.535145e+00	5.050404e+00
5.141142578311101e-06	4.468658e+00	3.535152e+00	5.050400e+00
5.142142578311100e-06	4.468658e+00	3.535160e+00	5.050397e+00
5.143142578311101e-06	4.468658e+00	3.535168e+00	5.050395e+00
5.144142578311100e-06	4.468657e+00	3.535175e+00	5.050392e+00
5.145142578311101e-06	4.468657e+00	3.535179e+00	5.050390e+00
5.146142578311101e-06	4.468655e+00	3.535187e+00	5.050388e+00
5.147142578311101e-06	4.468655e+00	3.535191e+00	5.050385e+00
5.148142578311101e-06	4.468653e+00	3.535194e+00	5.050384e+00
5.149142578311100e-06	4.468651e+00	3.535202e+00	5.050383e+00
5.150142578311101e-06	4.468653e+00	3.535206e+00	5.050381e+00
5.151142578311101e-06	4.468651e+00	3.535210e+00	5.050380e+00
5.152142578311101e-06	4.468653e+00	3.535213e+00	5.050378e+00
5.153142578311101e-06	4.468651e+00	3.535217e+00	5.050377e+00
5.154142578311100e-06	4.468649e+00	3.535217e+00	5.050376e+00
5.155142578311101e-06	4.468651e+00	3.535221e+00	5.050375e+00
5.156142578311101e-06	4.468649e+00	3.535225e+00	5.050374e+00
5.157142578311101e-06	4.468649e+00	3.535225e+00	5.050373e+00
5.158142578311101e-06	4.468651e+00	3.535229e+00	5.050372e+00
5.159142578311101e-06	4.468647e+00	3.535229e+00	5.050371e+00
5.160142578311101e-06	4.468649e+00	3.535233e+00	5.050371e+00
5.161142578311100e-06	4.468647e+00	3.535233e+00	5.050370e+00
5.162142578311101e-06	4.468649e+00	3.535236e+00	5.050369e+00
5.163142578311101e-06	4.468647e+00	3.535236e+00	5.050369e+00
5.164142578311101e-06	4.468647e+00	3.535240e+00	5.050368e+00
5.165142578311101e-06	4.468647e+00	3.535240e+00	5.050368e+00
5.166142578311100e-06	4.468649e+00	3.535240e+00	5.050368e+00
5.167142578311101e-06	4.468647e+00	3.535240e+00	5.050367e+00
5.168142578311101e-06	4.468649e+00	3.535244e+00	5.050367e+00
5.169142578311101e-06	4.468647e+00	3.535244e+00	5.050366e+00
5.170142578311101e-06	4.468647e+00	3.535244e+00	5.050366e+00
5.171142578311100e-06	4.468647e+00	3.535244e+00	5.050366e+00
5.172142578311101e-06	4.468647e+00	3.535244e+00	5.050365e+00
5.173142578311101e-06	4.468645e+00	3.535248e+00	5.050365e+00
5.174142578311101e-06	4.468647e+00	3.535248e+00	5.050365e+00
5.175142578311101e-06	4.468647e+00	3.535248e+00	5.050365e+00
5.176142578311101e-06	4.468647e+00	3.535248e+00	5.050365e+00
5.177142578311101e-06	4.468645e+00	3.535248e+00	5.050365e+00
5.178142578311100e-06	4.468645e+00	3.535248e+00	5.050364e+00
5.179142578311101e-06	4.468645e+00	3.535248e+00	5.050364e+00
5.180142578311101e-06	4.468645e+00	3.535248e+00	5.050364e+00
5.181142578311101e-06	4.468645e+00	3.535252e+00	5.050364e+00
5.182142578311101e-06	4.468647e+00	3.535252e+00	5.050364e+00
5.183142578311100e-06	4.468647e+00	3.535252e+00	5.050364e+00
5.184142578311101e-06	4.468647e+00	3.535252e+00	5.050364e+00
5.185142578311101e-06	4.468647e+00	3.535252e+00	5.050364e+00
5.186142578311101e-06	4.468647e+00	3.535252e+00	5.050364e+00
5.187142578311101e-06	4.468647e+00	3.535252e+00	5.050364e+00
5.188142578311101e-06	4.468647e+00	3.535252e+00	5.050364e+00
5.189142578311101e-06	4.468647e+00	3.535252e+00	5.050364e+00
5.190142578311101e-06	4.468647e+00	3.535252e+00	5.050364e+00
5.191142578311101e-06	4.468647e+00	3.535252e+00	5.050364e+00
5.192142578311101e-06	4.468647e+00	3.535252e+00	5.050364e+00
5.193142578311101e-06	4.468647e+00	3.535252e+00	5.050364e+00
5.194142578311101e-06	4.468647e+00	3.535252e+00	5.050364e+00
5.195142578311100e-06	4.468647e+00	3.535252e+00	5.050363e+00
5.196142578311101e-06	4.468647e+00	3.535252e+00	5.050363e+00
5.197142578311101e-06	4.468647e+00	3.535252e+00	5.050363e+00
5.198142578311101e-06	4.468647e+00	3.535252e+00	5.050363e+00
5.199142578311101e-06	4.468647e+00	3.535252e+00	5.050363e+00
5.200142578311100e-06	4.468647e+00	3.535252e+00	5.050363e+00
5.201142578311101e-06	4.468647e+00	3.535252e+00	5.050363e+00
5.203142578311101e-06	4.468647e+00	3.535252e+00	5.050363e+00
5.205142578311101e-06	4.468645e+00	3.535252e+00	5.050363e+00
5.207142578311101e-06	4.468645e+00	3.535252e+00	5.050363e+00
5.209142578311101e-06	4.468645e+00	3.535252e+00	5.050363e+00
5.211142578311101e-06	4.468645e+00	3.535255e+00	5.050363e+00
5.213142578311101e-06	4.468645e+00	3.535255e+00	5.050363e+00
5.214142578311101e-06	4.468645e+00	3.535255e+00	5.050363e+00
5.215142578311101e-06	4.468645e+00	3.535255e+00	5.050363e+00
5.215200000000000e-06	4.468645e+00	3.535255e+00	5.050363e+00
5.215314843377798e-06	4.468645e+00	3.535255e+00	5.050363e+00
5.215544530133395e-06	4.468645e+00	3.535255e+00	5.050363e+00
5.215740626488807e-06	4.468645e+00	3.535255e+00	5.050363e+00
5.215807807289175e-06	4.468645e+00	3.535255e+00	5.050363e+00
5.215942168889911e-06	4.468645e+00	3.535255e+00	5.050363e+00
5.216200000000000e-06	4.468647e+00	3.535255e+00	5.050365e+00
5.216225783111009e-06	4.468660e+00	3.535255e+00	5.050414e+00
5.216277349333026e-06	4.468700e+00	3.535255e+00	5.050531e+00
5.216380481777062e-06	4.468784e+00	3.535255e+00	5.050799e+00
5.216586746665134e-06	4.468962e+00	3.535263e+00	5.051343e+00
5.216999276441278e-06	4.469299e+00	3.535297e+00	5.052371e+00
5.217824335993563e-06	4.469915e+00	3.535416e+00	5.054236e+00
5.218824335993563e-06	4.470581e+00	3.535622e+00	5.056230e+00
5.219824335993563e-06	4.471148e+00	3.535896e+00	5.057927e+00
5.220824335993564e-06	4.471613e+00	3.536221e+00	5.059316e+00
5.221824335993563e-06	4.471991e+00	3.536572e+00	5.060447e+00
5.222100000000000e-06	4.472075e+00	3.536674e+00	5.060696e+00
5.222548671987127e-06	4.472176e+00	3.536846e+00	5.061005e+00
5.223100000000000e-06	4.472281e+00	3.537056e+00	5.061315e+00
5.223155132801287e-06	4.472248e+00	3.537079e+00	5.061212e+00
5.223265398403862e-06	4.472174e+00	3.537117e+00	5.060972e+00
5.223485929609012e-06	4.472004e+00	3.537189e+00	5.060450e+00
5.223926992019310e-06	4.471657e+00	3.537315e+00	5.059389e+00
5.224809116839908e-06	4.470947e+00	3.537495e+00	5.057240e+00
5.225809116839907e-06	4.470097e+00	3.537598e+00	5.054677e+00
5.226809116839908e-06	4.469162e+00	3.537575e+00	5.051854e+00
5.227809116839907e-06	4.468073e+00	3.537422e+00	5.048571e+00
5.228809116839907e-06	4.466717e+00	3.537117e+00	5.044470e+00
5.229809116839908e-06	4.464840e+00	3.536613e+00	5.038785e+00
5.230809116839907e-06	4.461699e+00	3.535809e+00	5.029251e+00
5.231809116839908e-06	4.451021e+00	3.534122e+00	4.996588e+00
5.232809116839907e-06	4.425489e+00	3.531010e+00	4.918269e+00
5.232934116839908e-06	4.418566e+00	3.530296e+00	4.897004e+00
5.233184116839907e-06	4.397806e+00	3.528000e+00	4.833465e+00
5.233684116839908e-06	4.350418e+00	3.520622e+00	4.689616e+00
5.234684116839907e-06	4.219944e+00	3.497314e+00	4.294056e+00
5.235292819387058e-06	4.100237e+00	3.475216e+00	3.931542e+00
5.235736424296448e-06	4.017479e+00	3.452755e+00	3.685164e+00
5.236164664889139e-06	3.955469e+00	3.427345e+00	3.503719e+00
5.236431047527175e-06	3.897989e+00	3.409752e+00	3.331012e+00
5.236693884589911e-06	3.808731e+00	3.389633e+00	3.060311e+00
5.237035125845135e-06	3.632133e+00	3.357830e+00	2.524260e+00
5.237372051516560e-06	3.319510e+00	3.312962e+00	1.578219e+00
5.237954290729246e-06	2.319586e+00	3.184677e+00	-1.413227e+00
5.238578060683013e-06	7.025032e-01	2.983929e+00	-6.207764e+00
5.238607774100139e-06	5.990562e-01	2.971058e+00	-6.511569e+00
5.238667200934391e-06	3.563042e-01	2.940742e+00	-7.220400e+00
5.238720750106560e-06	1.274643e-01	2.912197e+00	-7.887195e+00
5.238760916115517e-06	-4.989243e-02	2.889668e+00	-8.402142e+00
5.238788335747963e-06	-1.719246e-01	2.873383e+00	-8.754789e+00
5.238807061089501e-06	-2.549782e-01	2.861576e+00	-8.993878e+00
5.238833060276354e-06	-3.690987e-01	2.844074e+00	-9.321274e+00
5.238837353107767e-06	-3.771477e-01	2.841045e+00	-9.340811e+00
5.238843076882983e-06	-3.821678e-01	2.836990e+00	-9.348904e+00
5.238854524433416e-06	-3.885155e-01	2.828865e+00	-9.353124e+00
5.238877419534283e-06	-3.945694e-01	2.812599e+00	-9.340489e+00
5.238923209736015e-06	-3.956566e-01	2.780243e+00	-9.280220e+00
5.239014790139482e-06	-3.898621e-01	2.716560e+00	-9.135014e+00
5.239187284076019e-06	-3.766556e-01	2.600700e+00	-8.856270e+00
5.239532271949094e-06	-3.499413e-01	2.383965e+00	-8.304338e+00
5.240149196551760e-06	-3.053093e-01	2.033813e+00	-7.343220e+00
5.240801696277328e-06	-2.633400e-01	1.709553e+00	-6.364904e+00
5.241399178053448e-06	-2.301865e-01	1.455406e+00	-5.509410e+00
5.241948625129885e-06	-2.041512e-01	1.256748e+00	-4.760815e+00
5.242512613553466e-06	-1.814537e-01	1.084324e+00	-4.032562e+00
5.243084766638442e-06	-1.621056e-01	9.380379e-01	-3.337753e+00
5.243665480503845e-06	-1.458588e-01	8.159523e-01	-2.682785e+00
5.244238161165178e-06	-1.328011e-01	7.187233e-01	-2.094369e+00
5.244812408158971e-06	-1.222725e-01	6.413994e-01	-1.575730e+00
5.245383763817896e-06	-1.138916e-01	5.812340e-01	-1.147285e+00
5.245958589337637e-06	-1.071320e-01	5.342407e-01	-8.108629e-01
5.246531367463599e-06	-1.016769e-01	4.978104e-01	-5.614457e-01
5.247105825840017e-06	-9.718323e-02	4.691010e-01	-3.813843e-01
5.247678567037914e-06	-9.344482e-02	4.462433e-01	-2.550786e-01
5.248252600669359e-06	-9.028244e-02	4.277306e-01	-1.687784e-01
5.248955002670625e-06	-8.701324e-02	4.093056e-01	-1.002358e-01
5.249793121754288e-06	-8.372116e-02	3.913841e-01	-5.089364e-02
5.250793121754288e-06	-8.042526e-02	3.738632e-01	-1.878935e-02
5.251793121754288e-06	-7.764053e-02	3.592720e-01	-2.888423e-03
5.252793121754289e-06	-7.527542e-02	3.468781e-01	4.174261e-03
5.253793121754288e-06	-7.323456e-02	3.361168e-01	6.969491e-03
5.254793121754288e-06	-7.146072e-02	3.266296e-01	7.749937e-03
5.255793121754288e-06	-6.991196e-02	3.181839e-01	7.621015e-03
5.256793121754288e-06	-6.854630e-02	3.106003e-01	7.118537e-03
5.257793121754289e-06	-6.733322e-02	3.037491e-01	6.496958e-03
5.258793121754288e-06	-6.624985e-02	2.975121e-01	5.873097e-03
5.259793121754289e-06	-6.527710e-02	2.917976e-01	5.297272e-03
5.260793121754288e-06	-6.439590e-02	2.865219e-01	4.788234e-03
5.261793121754288e-06	-6.359100e-02	2.816048e-01	4.350386e-03
5.262793121754289e-06	-6.284714e-02	2.769852e-01	3.982181e-03
5.263793121754288e-06	-6.214905e-02	2.725868e-01	3.680402e-03
5.264793121754289e-06	-6.148911e-02	2.683487e-01	3.442466e-03
5.265793121754288e-06	-6.085587e-02	2.641907e-01	3.268221e-03
5.266793121754288e-06	-6.022263e-02	2.600174e-01	3.162247e-03
5.267793121754288e-06	-5.958557e-02	2.557144e-01	3.139017e-03
5.268793121754288e-06	-5.889511e-02	2.510567e-01	3.239265e-03
5.269793121754289e-06	-5.805206e-02	2.454071e-01	3.666763e-03
5.270793121754288e-06	-5.680466e-02	2.375870e-01	4.979034e-03
5.271234978177967e-06	-5.602264e-02	2.325096e-01	5.991653e-03
5.271505099306603e-06	-5.551529e-02	2.286682e-01	6.528205e-03
5.271596411397355e-06	-5.533600e-02	2.273483e-01	6.706289e-03
5.271647156019000e-06	-5.523682e-02	2.266235e-01	6.798012e-03
5.271686186100426e-06	-5.516434e-02	2.260590e-01	6.847121e-03
5.271729956311273e-06	-5.508423e-02	2.254333e-01	6.908794e-03
5.271789702471239e-06	-5.497360e-02	2.245789e-01	6.986375e-03
5.271909194791168e-06	-5.475616e-02	2.228889e-01	7.125329e-03
5.272148179431028e-06	-5.432892e-02	2.195587e-01	7.350185e-03
5.272626148710749e-06	-5.349350e-02	2.130890e-01	7.637408e-03
5.273582087270190e-06	-5.188751e-02	2.006989e-01	7.861114e-03
5.274582087270190e-06	-5.030060e-02	1.884346e-01	7.795151e-03
5.275582087270190e-06	-4.881287e-02	1.769257e-01	7.533946e-03
5.276582087270189e-06	-4.741287e-02	1.661224e-01	7.186686e-03
5.277582087270190e-06	-4.610062e-02	1.559868e-01	6.809970e-03
5.278582087270190e-06	-4.486465e-02	1.464691e-01	6.431133e-03
5.279582087270190e-06	-4.370117e-02	1.375351e-01	6.063001e-03
5.280582087270190e-06	-4.260635e-02	1.291428e-01	5.711227e-03
5.281582087270190e-06	-4.158020e-02	1.212692e-01	5.377939e-03
5.282582087270190e-06	-4.061127e-02	1.138725e-01	5.063552e-03
5.283582087270190e-06	-3.970337e-02	1.069260e-01	4.767674e-03
5.284582087270190e-06	-3.884125e-02	1.004066e-01	4.489541e-03
5.285582087270190e-06	-3.804016e-02	9.428406e-02	4.228248e-03
5.286582087270190e-06	-3.727722e-02	8.853531e-02	3.982850e-03
5.287582087270190e-06	-3.656387e-02	8.313751e-02	3.752413e-03
5.288582087270190e-06	-3.588867e-02	7.807159e-02	3.536040e-03
5.289582087270190e-06	-3.525162e-02	7.331467e-02	3.332877e-03
5.290582087270190e-06	-3.465271e-02	6.884766e-02	3.142119e-03
5.291582087270190e-06	-3.408813e-02	6.465149e-02	2.963010e-03
5.292582087270190e-06	-3.355789e-02	6.071091e-02	2.794837e-03
5.293582087270190e-06	-3.305054e-02	5.701447e-02	2.636934e-03
5.294582087270190e-06	-3.258133e-02	5.353928e-02	2.488674e-03
5.295582087270190e-06	-3.213120e-02	5.028152e-02	2.349469e-03
5.296582087270190e-06	-3.171158e-02	4.721832e-02	2.218768e-03
5.297582087270190e-06	-3.130722e-02	4.434204e-02	2.096052e-03
5.298582087270190e-06	-3.093338e-02	4.164505e-02	1.980837e-03
5.299582087270190e-06	-3.057098e-02	3.911209e-02	1.872665e-03
5.300582087270190e-06	-3.023529e-02	3.673172e-02	1.771110e-03
5.301582087270190e-06	-2.991486e-02	3.449631e-02	1.675768e-03
5.302582087270190e-06	-2.961349e-02	3.239822e-02	1.586263e-03
5.303582087270190e-06	-2.932739e-02	3.042984e-02	1.502239e-03
5.304582087270190e-06	-2.905273e-02	2.857971e-02	1.423365e-03
5.305582087270190e-06	-2.879715e-02	2.684402e-02	1.349328e-03
5.306582087270190e-06	-2.854919e-02	2.521515e-02	1.279834e-03
5.307582087270190e-06	-2.832031e-02	2.368164e-02	1.214607e-03
5.308582087270190e-06	-2.809525e-02	2.224731e-02	1.153388e-03
5.309582087270190e-06	-2.788544e-02	2.089691e-02	1.095935e-03
5.310582087270190e-06	-2.768707e-02	1.963043e-02	1.042019e-03
5.311582087270190e-06	-2.749634e-02	1.844025e-02	9.914245e-04
5.312582087270190e-06	-2.731323e-02	1.732254e-02	9.439513e-04
5.313582087270190e-06	-2.714539e-02	1.627350e-02	8.994098e-04
5.314582087270190e-06	-2.697754e-02	1.528931e-02	8.576221e-04
5.315582087270190e-06	-2.682114e-02	1.436615e-02	8.184214e-04
5.316582087270190e-06	-2.667236e-02	1.349640e-02	7.816508e-04
5.317582087270190e-06	-2.652740e-02	1.268005e-02	7.471631e-04
5.318582087270190e-06	-2.639008e-02	1.191711e-02	7.148199e-04
5.319582087270190e-06	-2.625275e-02	1.119995e-02	6.844915e-04
5.320582087270190e-06	-2.612686e-02	1.052475e-02	6.560558e-04
5.321582087270190e-06	-2.600861e-02	9.887695e-03	6.293983e-04
5.322582087270190e-06	-2.589035e-02	9.292603e-03	6.044113e-04
5.323582087270190e-06	-2.577972e-02	8.735657e-03	5.809939e-04
5.324582087270190e-06	-2.566910e-02	8.213043e-03	5.590512e-04
5.325582087270190e-06	-2.556229e-02	7.720947e-03	5.384940e-04
5.326582087270190e-06	-2.546310e-02	7.259369e-03	5.192388e-04
5.327582087270190e-06	-2.536392e-02	6.824493e-03	5.012069e-04
5.328582087270190e-06	-2.527237e-02	6.416321e-03	4.843246e-04
5.329582087270190e-06	-2.517700e-02	6.034851e-03	4.685227e-04
5.330582087270190e-06	-2.508926e-02	5.676270e-03	4.537362e-04
5.331582087270190e-06	-2.500153e-02	5.336761e-03	4.399038e-04
5.332582087270190e-06	-2.492142e-02	5.020142e-03	4.269685e-04
5.333582087270190e-06	-2.483749e-02	4.722595e-03	4.148763e-04
5.334582087270190e-06	-2.475739e-02	4.444122e-03	4.035767e-04
5.335582087270190e-06	-2.468491e-02	4.180908e-03	3.930223e-04
5.336582087270190e-06	-2.461243e-02	3.936768e-03	3.831686e-04
5.337582087270190e-06	-2.453232e-02	3.707886e-03	3.739738e-04
5.338582087270190e-06	-2.446365e-02	3.490448e-03	3.653987e-04
5.339582087270190e-06	-2.439117e-02	3.288269e-03	3.574064e-04
5.341582087270190e-06	-2.425385e-02	2.914429e-03	3.430346e-04
5.343582087270190e-06	-2.412033e-02	2.586365e-03	3.306067e-04
5.345582087270190e-06	-2.399445e-02	2.300262e-03	3.199012e-04
5.347582087270190e-06	-2.387238e-02	2.044678e-03	3.107232e-04
5.349582087270190e-06	-2.374649e-02	1.823425e-03	3.029013e-04
5.351582087270190e-06	-2.362823e-02	1.625061e-03	2.962849e-04
5.353582087270190e-06	-2.351379e-02	1.453400e-03	2.907414e-04
5.355582087270190e-06	-2.339554e-02	1.300812e-03	2.861546e-04
5.357582087270190e-06	-2.328110e-02	1.167297e-03	2.824225e-04
5.359582087270190e-06	-2.317047e-02	1.049042e-03	2.794560e-04
5.361582087270190e-06	-2.305603e-02	9.460449e-04	2.771767e-04
5.363582087270191e-06	-2.294540e-02	8.544922e-04	2.755166e-04
5.365582087270190e-06	-2.283478e-02	7.743835e-04	2.744162e-04
5.367582087270190e-06	-2.272415e-02	7.019043e-04	2.738239e-04
5.369582087270190e-06	-2.261353e-02	6.408691e-04	2.736950e-04
5.371582087270190e-06	-2.249908e-02	5.836487e-04	2.739909e-04
5.373582087270190e-06	-2.239227e-02	5.378723e-04	2.746788e-04
5.375582087270190e-06	-2.227783e-02	4.959106e-04	2.757305e-04
5.377582087270190e-06	-2.216721e-02	4.577637e-04	2.771224e-04
5.379582087270190e-06	-2.205276e-02	4.272461e-04	2.788350e-04
5.381582087270190e-06	-2.193832e-02	4.005432e-04	2.808522e-04
5.383582087270190e-06	-2.182388e-02	3.738403e-04	2.831615e-04
5.385582087270190e-06	-2.170944e-02	3.547668e-04	2.857532e-04
5.387582087270190e-06	-2.159500e-02	3.356934e-04	2.886205e-04
5.389582087270190e-06	-2.147293e-02	3.204346e-04	2.917594e-04
5.391582087270190e-06	-2.135468e-02	3.051758e-04	2.951682e-04
5.393582087270190e-06	-2.123260e-02	2.937317e-04	2.988476e-04
5.395582087270190e-06	-2.111053e-02	2.822876e-04	3.028009e-04
5.397582087270191e-06	-2.098465e-02	2.746582e-04	3.070334e-04
5.398582087270190e-06	-2.092743e-02	2.708435e-04	3.092567e-04
5.399582087270190e-06	-2.086258e-02	2.670288e-04	3.115528e-04
5.400582087270190e-06	-2.079773e-02	2.632141e-04	3.139232e-04
5.401582087270190e-06	-2.072906e-02	2.632141e-04	3.163692e-04
5.402582087270190e-06	-2.066803e-02	2.593994e-04	3.188926e-04
5.403582087270190e-06	-2.060318e-02	2.555847e-04	3.214950e-04
5.404582087270190e-06	-2.053452e-02	2.555847e-04	3.241785e-04
5.405582087270190e-06	-2.046967e-02	2.555847e-04	3.269453e-04
5.406582087270190e-06	-2.040482e-02	2.517700e-04	3.297974e-04
5.407582087270190e-06	-2.033234e-02	2.517700e-04	3.327376e-04
5.408582087270190e-06	-2.026367e-02	2.517700e-04	3.357683e-04
5.409582087270191e-06	-2.019501e-02	2.479553e-04	3.388925e-04
5.410582087270190e-06	-2.012634e-02	2.479553e-04	3.421132e-04
5.411582087270190e-06	-2.005386e-02	2.479553e-04	3.454336e-04
5.412582087270190e-06	-1.998138e-02	2.479553e-04	3.488574e-04
5.413582087270190e-06	-1.991272e-02	2.479553e-04	3.523881e-04
5.414582087270191e-06	-1.984024e-02	2.479553e-04	3.560299e-04
5.415582087270190e-06	-1.976776e-02	2.479553e-04	3.597869e-04
5.416582087270190e-06	-1.969147e-02	2.479553e-04	3.636638e-04
5.417582087270190e-06	-1.961517e-02	2.479553e-04	3.676653e-04
5.419582087270190e-06	-1.946259e-02	2.517700e-04	3.760632e-04
5.422582087270190e-06	-1.922989e-02	2.517700e-04	3.897359e-04
5.424010658698762e-06	-1.911420e-02	2.550398e-04	3.966721e-04
5.425439230127333e-06	-1.899602e-02	2.583095e-04	4.040312e-04
5.426867801555904e-06	-1.887536e-02	2.615792e-04	4.118131e-04
5.428296372984476e-06	-1.875220e-02	2.648490e-04	4.200179e-04
5.429724944413048e-06	-1.862654e-02	2.681187e-04	4.286456e-04
5.431153515841619e-06	-1.849840e-02	2.713885e-04	4.376960e-04
5.432582087270190e-06	-1.836777e-02	2.746582e-04	4.471693e-04
5.435582087270190e-06	-1.808548e-02	2.822876e-04	4.690718e-04
5.438582087270191e-06	-1.778412e-02	2.899170e-04	4.938586e-04
5.441582087270190e-06	-1.746750e-02	3.051758e-04	5.221185e-04
5.444582087270190e-06	-1.713181e-02	3.166199e-04	5.546140e-04
5.446582087270190e-06	-1.689529e-02	3.280640e-04	5.791142e-04
5.448582087270191e-06	-1.665115e-02	3.356934e-04	6.063143e-04
5.450582087270191e-06	-1.639175e-02	3.509521e-04	6.366786e-04
5.452582087270190e-06	-1.611710e-02	3.623962e-04	6.707847e-04
5.454582087270190e-06	-1.582336e-02	3.776550e-04	7.093600e-04
5.456582087270190e-06	-1.551437e-02	3.929138e-04	7.533336e-04
5.457582087270190e-06	-1.535416e-02	4.043579e-04	7.777080e-04
5.458582087270190e-06	-1.518631e-02	4.119873e-04	8.039114e-04
5.459582087270190e-06	-1.501465e-02	4.234314e-04	8.321556e-04
5.460582087270191e-06	-1.483536e-02	4.348755e-04	8.626873e-04
5.461582087270190e-06	-1.464844e-02	4.463196e-04	8.957940e-04
5.462582087270191e-06	-1.445007e-02	4.577637e-04	9.318137e-04
5.463582087270190e-06	-1.424789e-02	4.692078e-04	9.711463e-04
5.464582087270190e-06	-1.403046e-02	4.844666e-04	1.014268e-03
5.465582087270191e-06	-1.380539e-02	4.997253e-04	1.061753e-03
5.466582087270190e-06	-1.357269e-02	5.149841e-04	1.114294e-03
5.467582087270191e-06	-1.332092e-02	5.340576e-04	1.172742e-03
5.468582087270190e-06	-1.305771e-02	5.531311e-04	1.238150e-03
5.469582087270190e-06	-1.277924e-02	5.760193e-04	1.311834e-03
5.470582087270190e-06	-1.248169e-02	5.989075e-04	1.395471e-03
5.471582087270190e-06	-1.216125e-02	6.256104e-04	1.491219e-03
5.472582087270191e-06	-1.181793e-02	6.561279e-04	1.601913e-03
5.473582087270190e-06	-1.144028e-02	6.866455e-04	1.731347e-03
5.474582087270190e-06	-1.102829e-02	7.247925e-04	1.884724e-03
5.475582087270190e-06	-1.057053e-02	7.629395e-04	2.069375e-03
5.476582087270190e-06	-1.006317e-02	8.125305e-04	2.295973e-03
5.477582087270191e-06	-9.483337e-03	8.697510e-04	2.580681e-03
5.478582087270190e-06	-8.808136e-03	9.384155e-04	2.949219e-03
5.479582087270191e-06	-8.007050e-03	1.022339e-03	3.448033e-03
5.480582087270190e-06	-7.022858e-03	1.125336e-03	4.163275e-03
5.481582087270190e-06	-5.725861e-03	1.262665e-03	5.270370e-03
5.482582087270191e-06	-3.864288e-03	1.457214e-03	7.200461e-03
5.483582087270190e-06	-8.544922e-04	1.770020e-03	1.097778e-02
5.484582087270191e-06	3.623962e-03	2.262115e-03	1.647976e-02
5.485582087270190e-06	8.232117e-03	2.922058e-03	1.966044e-02
5.486294514897094e-06	9.948730e-03	3.364563e-03	1.692933e-02
5.487078063508753e-06	9.834290e-03	3.662109e-03	9.930949e-03
5.487827651656978e-06	8.644104e-03	3.707886e-03	3.025096e-03
5.488580097418940e-06	6.916046e-03	3.528595e-03	-2.419195e-03
5.489580097418941e-06	4.550934e-03	3.089905e-03	-6.782398e-03
5.490580097418940e-06	2.525330e-03	2.555847e-03	-8.405953e-03
5.491580097418941e-06	9.880066e-04	2.033234e-03	-8.077508e-03
5.492580097418941e-06	-1.144409e-04	1.575470e-03	-6.841130e-03
5.493580097418940e-06	-8.697510e-04	1.209259e-03	-5.367996e-03
5.494580097418941e-06	-1.361847e-03	9.269714e-04	-3.972673e-03
5.495580097418940e-06	-1.655579e-03	7.171631e-04	-2.761553e-03
5.496580097418941e-06	-1.785278e-03	5.722046e-04	-1.746192e-03
5.497580097418941e-06	-1.785278e-03	4.806519e-04	-9.040036e-04
5.498580097418940e-06	-1.678467e-03	4.234314e-04	-2.067445e-04
5.499580097418941e-06	-1.483917e-03	4.043579e-04	3.668307e-04
5.500580097418940e-06	-1.216888e-03	4.043579e-04	8.283188e-04
5.501580097418941e-06	-9.040833e-04	4.234314e-04	1.180373e-03
5.502580097418941e-06	-5.722046e-04	4.501343e-04	1.415362e-03
5.503580097418941e-06	-2.441406e-04	4.882813e-04	1.521066e-03
5.504580097418941e-06	4.959106e-05	5.264282e-04	1.491199e-03
5.505580097418940e-06	2.784729e-04	5.531311e-04	1.333575e-03
5.506580097418941e-06	4.386902e-04	5.722046e-04	1.074298e-03
5.507580097418941e-06	5.226135e-04	5.760193e-04	7.549402e-04
5.508580097418941e-06	5.340576e-04	5.645752e-04	4.221687e-04
5.509580097418941e-06	4.920959e-04	5.416870e-04	1.160697e-04
5.510580097418940e-06	4.119873e-04	5.073547e-04	-1.345336e-04
5.511580097418941e-06	3.089905e-04	4.653931e-04	-3.140965e-04
5.512580097418940e-06	2.021790e-04	4.196167e-04	-4.208997e-04
5.513580097418941e-06	1.029968e-04	3.738403e-04	-4.627871e-04
5.514580097418941e-06	1.525879e-05	3.280640e-04	-4.522717e-04
5.515580097418940e-06	-5.722046e-05	2.899170e-04	-4.034642e-04
5.516580097418941e-06	-1.068115e-04	2.555847e-04	-3.300180e-04
5.517580097418940e-06	-1.373291e-04	2.288818e-04	-2.439749e-04
5.518580097418941e-06	-1.525879e-04	2.059937e-04	-1.552798e-04
5.519580097418941e-06	-1.487732e-04	1.869202e-04	-7.167151e-05
5.520580097418941e-06	-1.335144e-04	1.754761e-04	1.225562e-06
5.521580097418941e-06	-1.106262e-04	1.640320e-04	5.974813e-05
5.522580097418940e-06	-7.629395e-05	1.564026e-04	1.020110e-04
5.523580097418941e-06	-4.577637e-05	1.525879e-04	1.277120e-04
5.524580097418941e-06	-1.525879e-05	1.487732e-04	1.379004e-04
5.525580097418941e-06	1.144409e-05	1.449585e-04	1.346966e-04
5.526580097418941e-06	3.051758e-05	1.411438e-04	1.209643e-04
5.527580097418940e-06	4.577637e-05	1.373291e-04	9.995118e-05
5.528580097418941e-06	5.340576e-05	1.335144e-04	7.493742e-05
5.529580097418940e-06	6.103516e-05	1.258850e-04	4.892606e-05
5.530580097418941e-06	6.103516e-05	1.220703e-04	2.441269e-05
5.531580097418941e-06	5.722046e-05	1.144409e-04	3.246267e-06
5.532580097418941e-06	4.959106e-05	1.068115e-04	-1.341337e-05
5.533580097418941e-06	4.196167e-05	9.918213e-05	-2.505994e-05
5.534580097418940e-06	3.433228e-05	9.155273e-05	-3.174541e-05
5.535580097418941e-06	2.670288e-05	8.392334e-05	-3.395246e-05
5.536580097418941e-06	2.288818e-05	7.629395e-05	-3.245474e-05
5.537580097418941e-06	1.525879e-05	7.247925e-05	-2.818333e-05
5.538580097418941e-06	1.525879e-05	6.484985e-05	-2.211028e-05
5.539580097418940e-06	7.629395e-06	6.103516e-05	-1.515538e-05
5.540580097418941e-06	1.144409e-05	5.722046e-05	-8.118967e-06
5.541580097418941e-06	1.144409e-05	5.340576e-05	-1.639227e-06
5.542580097418941e-06	1.144409e-05	4.959106e-05	3.827411e-06
5.543580097418941e-06	1.525879e-05	4.577637e-05	8.007113e-06
5.544580097418941e-06	1.525879e-05	4.577637e-05	1.079402e-05
5.545580097418941e-06	2.288818e-05	4.196167e-05	1.222479e-05
5.546580097418940e-06	2.670288e-05	3.814697e-05	1.244636e-05
5.547580097418941e-06	2.670288e-05	3.814697e-05	1.168070e-05
5.548580097418941e-06	3.051758e-05	3.433228e-05	1.019036e-05
5.549580097418941e-06	3.051758e-05	3.433228e-05	8.247231e-06
5.550580097418941e-06	3.051758e-05	3.051758e-05	6.107020e-06
5.551580097418940e-06	3.433228e-05	3.051758e-05	3.990032e-06
5.552580097418941e-06	3.433228e-05	2.670288e-05	2.069311e-06
5.553580097418941e-06	3.051758e-05	2.670288e-05	4.651142e-07
5.554580097418941e-06	3.051758e-05	2.670288e-05	-7.545491e-07
5.555580097418941e-06	3.051758e-05	2.288818e-05	-1.569100e-06
5.556580097418940e-06	2.670288e-05	2.288818e-05	-1.997214e-06
5.557580097418941e-06	3.051758e-05	1.907349e-05	-2.087066e-06
5.558580097418941e-06	3.051758e-05	1.907349e-05	-1.905910e-06
5.559580097418941e-06	3.051758e-05	1.907349e-05	-1.530298e-06
5.560580097418941e-06	2.670288e-05	1.525879e-05	-1.037449e-06
5.561580097418941e-06	2.670288e-05	1.525879e-05	-4.984477e-07
5.562580097418941e-06	2.670288e-05	1.525879e-05	2.666820e-08
5.563580097418940e-06	3.051758e-05	1.525879e-05	4.917706e-07
5.564580097418941e-06	3.051758e-05	1.144409e-05	8.657680e-07
5.565580097418941e-06	3.051758e-05	1.144409e-05	1.132130e-06
5.566580097418941e-06	3.051758e-05	1.144409e-05	1.287322e-06
5.567580097418941e-06	3.433228e-05	1.144409e-05	1.338358e-06
5.568580097418940e-06	3.433228e-05	1.144409e-05	1.300031e-06
5.569580097418941e-06	3.433228e-05	7.629395e-06	1.191956e-06
5.570580097418941e-06	3.433228e-05	7.629395e-06	1.035903e-06
5.571580097418941e-06	3.433228e-05	7.629395e-06	8.533939e-07
5.572580097418941e-06	3.433228e-05	7.629395e-06	6.639248e-07
5.573580097418941e-06	3.433228e-05	7.629395e-06	4.836306e-07
5.574580097418941e-06	3.051758e-05	7.629395e-06	3.246269e-07
5.575580097418941e-06	3.051758e-05	7.629395e-06	1.947310e-07
5.576580097418941e-06	3.051758e-05	7.629395e-06	9.771793e-08
5.577580097418941e-06	3.051758e-05	7.629395e-06	3.378500e-08
5.578580097418941e-06	3.051758e-05	3.814697e-06	3.174137e-10
5.579580097418941e-06	3.051758e-05	3.814697e-06	-7.350536e-09
5.580580097418940e-06	3.051758e-05	3.814697e-06	4.937647e-09
5.581580097418941e-06	3.051758e-05	3.814697e-06	3.086916e-08
5.583580097418941e-06	3.051758e-05	3.814697e-06	9.991800e-08
5.584580097418941e-06	3.051758e-05	3.814697e-06	1.331746e-07
5.585580097418940e-06	3.051758e-05	3.814697e-06	1.608523e-07
5.586580097418941e-06	3.051758e-05	3.814697e-06	1.809267e-07
5.587580097418941e-06	3.051758e-05	3.814697e-06	1.924836e-07
5.588580097418941e-06	3.051758e-05	3.814697e-06	1.956041e-07
5.589580097418941e-06	3.051758e-05	3.814697e-06	1.911094e-07
5.590580097418941e-06	3.051758e-05	3.814697e-06	1.803719e-07
5.591580097418941e-06	3.051758e-05	3.814697e-06	1.650396e-07
5.593580097418941e-06	3.051758e-05	3.814697e-06	1.275230e-07
5.595580097418941e-06	3.051758e-05	0.000000e+00	9.080850e-08
5.596580097418941e-06	3.051758e-05	0.000000e+00	7.541530e-08
5.597580097418940e-06	3.051758e-05	0.000000e+00	6.274058e-08
5.598580097418941e-06	3.051758e-05	0.000000e+00	5.295988e-08
5.599580097418941e-06	3.051758e-05	0.000000e+00	4.596313e-08
5.601580097418941e-06	3.051758e-05	0.000000e+00	3.901823e-08
5.603580097418941e-06	3.051758e-05	0.000000e+00	3.827427e-08
5.605580097418941e-06	3.051758e-05	0.000000e+00	3.981586e-08
5.607580097418941e-06	3.051758e-05	0.000000e+00	4.070898e-08
5.609580097418941e-06	3.051758e-05	0.000000e+00	3.949890e-08
5.611580097418941e-06	3.051758e-05	0.000000e+00	3.608466e-08
5.613580097418941e-06	3.051758e-05	0.000000e+00	3.121977e-08
5.615580097418941e-06	3.051758e-05	0.000000e+00	2.594925e-08
5.618580097418941e-06	3.051758e-05	0.000000e+00	1.914168e-08
5.621580097418941e-06	3.051758e-05	0.000000e+00	1.472199e-08
5.624580097418941e-06	3.051758e-05	0.000000e+00	1.234002e-08
5.627580097418941e-06	3.051758e-05	0.000000e+00	1.090848e-08
5.630580097418941e-06	3.051758e-05	0.000000e+00	9.589257e-09
5.633580097418941e-06	3.051758e-05	0.000000e+00	8.097231e-09
5.636580097418941e-06	3.051758e-05	0.000000e+00	6.576101e-09
5.639008668847513e-06	3.051758e-05	0.000000e+00	5.568500e-09
5.641437240276084e-06	3.051758e-05	0.000000e+00	4.689206e-09
5.643865811704655e-06	3.051758e-05	0.000000e+00	3.938220e-09
5.646294383133227e-06	3.051758e-05	0.000000e+00	3.315541e-09
5.648722954561799e-06	3.051758e-05	0.000000e+00	2.821169e-09
5.651151525990370e-06	3.051758e-05	0.000000e+00	2.455105e-09
5.653580097418941e-06	3.051758e-05	0.000000e+00	2.217348e-09
5.657151525990370e-06	3.051758e-05	0.000000e+00	1.796154e-09
5.660722954561799e-06	3.051758e-05	0.000000e+00	1.431749e-09
5.664294383133227e-06	3.051758e-05	0.000000e+00	1.124134e-09
5.667865811704655e-06	3.051758e-05	0.000000e+00	8.733079e-10
5.671437240276084e-06	3.051758e-05	0.000000e+00	6.792718e-10
5.675008668847513e-06	3.051758e-05	0.000000e+00	5.420254e-10
5.678580097418941e-06	3.051758e-05	0.000000e+00	4.615686e-10
5.685580097418941e-06	3.199675e-05	0.000000e+00	3.287145e-10
5.692580097418941e-06	3.316451e-05	0.000000e+00	2.194433e-10
5.699580097418941e-06	3.402087e-05	0.000000e+00	1.337550e-10
5.706580097418941e-06	3.456583e-05	0.000000e+00	7.164946e-11
5.713580097418941e-06	3.479938e-05	0.000000e+00	3.312682e-11
5.720580097418941e-06	3.472153e-05	0.000000e+00	1.818703e-11
5.727580097418941e-06	3.433228e-05	0.000000e+00	2.683009e-11
6.042580097418942e-06	3.051758e-05	0.000000e+00	6.821210e-12
7.066580097418945e-06	3.433228e-05	0.000000e+00	3.183231e-12
8.090580097418947e-06	3.051758e-05	0.000000e+00	1.818989e-12
9.114580097418949e-06	3.051758e-05	0.000000e+00	6.821210e-13
9.998580097418951e-06	3.433228e-05	0.000000e+00	5.684342e-13
9.999580097418952e-06	3.433228e-05	0.000000e+00	1.654743e-09
1.000000000000000e-05	3.433228e-05	0.000000e+00	2.852630e-09
