time	V(N022,Vo_led8)	V(Vcc_led,Vi_led8)	I(D8)
0.000000000000000e+00	3.051758e-05	0.000000e+00	7.768569e-15
1.020500000000002e-06	3.051758e-05	0.000000e+00	4.585030e-15
2.044500000000005e-06	3.051758e-05	0.000000e+00	2.566777e-15
3.068500000000007e-06	3.051758e-05	0.000000e+00	5.054819e-15
4.092500000000010e-06	3.051758e-05	0.000000e+00	-6.944471e-15
5.010000000000000e-06	3.051758e-05	0.000000e+00	-1.554312e-15
5.010037275463461e-06	3.051758e-05	0.000000e+00	-4.246805e-06
5.010111826390384e-06	2.670288e-05	0.000000e+00	-1.645988e-05
5.010209418191313e-06	1.907349e-05	0.000000e+00	-4.113328e-05
5.010330566602291e-06	3.814697e-06	0.000000e+00	-8.501348e-05
5.010465689799745e-06	-2.288818e-05	0.000000e+00	-1.504432e-04
5.010680389438712e-06	-8.010864e-05	-3.814697e-06	-2.821086e-04
5.010981210424154e-06	-1.754761e-04	-1.144409e-05	-5.024006e-04
5.011409499881299e-06	-3.509521e-04	-2.288818e-05	-8.503255e-04
5.011913056946600e-06	-5.989075e-04	-4.959106e-05	-1.254304e-03
5.012760523296587e-06	-1.071930e-03	-1.029968e-04	-1.828173e-03
5.013760523296587e-06	-1.640320e-03	-1.831055e-04	-2.288318e-03
5.014760523296587e-06	-2.189636e-03	-2.746582e-04	-2.530677e-03
5.015200000000000e-06	-2.426147e-03	-3.128052e-04	-2.570755e-03
5.015321046593174e-06	-2.490997e-03	-3.242493e-04	-2.571285e-03
5.015563139779522e-06	2.924728e-02	-1.564026e-04	9.154470e-02
5.015643950329832e-06	2.009277e-01	6.942749e-04	6.009472e-01
5.015688380636006e-06	5.189095e-01	2.758026e-03	1.537796e+00
5.015730965599453e-06	9.582443e-01	7.137299e-03	2.811917e+00
5.015774819404642e-06	1.380096e+00	1.419067e-02	3.998610e+00
5.015828018773013e-06	1.832739e+00	2.581787e-02	5.221601e+00
5.015902096347043e-06	2.374027e+00	4.700470e-02	6.604444e+00
5.016050251495106e-06	3.229652e+00	9.951019e-02	8.614105e+00
5.016200000000000e-06	3.911768e+00	1.596985e-01	1.006791e+01
5.016214974850490e-06	3.958705e+00	1.664162e-01	1.015166e+01
5.016244924551468e-06	4.045361e+00	1.799583e-01	1.029825e+01
5.016304823953425e-06	4.190542e+00	2.074318e-01	1.051424e+01
5.016424622757340e-06	4.421012e+00	2.630310e-01	1.078613e+01
5.016485329922798e-06	4.506970e+00	2.913475e-01	1.084114e+01
5.016527203710631e-06	4.545307e+00	3.108711e-01	1.082137e+01
5.016530248179894e-06	4.546871e+00	3.122864e-01	1.081646e+01
5.016536337118420e-06	4.548582e+00	3.151016e-01	1.080261e+01
5.016548514995474e-06	4.551178e+00	3.207130e-01	1.077276e+01
5.016572870749579e-06	4.554448e+00	3.318481e-01	1.070878e+01
5.016621582257790e-06	4.558230e+00	3.538055e-01	1.057742e+01
5.016691525033969e-06	4.562496e+00	3.845520e-01	1.039671e+01
5.016831410586325e-06	4.572405e+00	4.437485e-01	1.007009e+01
5.017021517859575e-06	4.588431e+00	5.203857e-01	9.678813e+00
5.017217025392071e-06	4.607152e+00	5.947685e-01	9.329227e+00
5.017439067902359e-06	4.633549e+00	6.745644e-01	8.990917e+00
5.017602722934182e-06	4.659245e+00	7.304535e-01	8.784713e+00
5.017769777694400e-06	4.689283e+00	7.850151e-01	8.604894e+00
5.017921657422281e-06	4.715886e+00	8.325233e-01	8.454008e+00
5.018169696969865e-06	4.755022e+00	9.063530e-01	8.218746e+00
5.018450719681169e-06	4.787633e+00	9.853287e-01	7.943700e+00
5.018719297134549e-06	4.800062e+00	1.055477e+00	7.651507e+00
5.019026480860202e-06	4.797687e+00	1.129635e+00	7.295341e+00
5.019238388095627e-06	4.792546e+00	1.176586e+00	7.056996e+00
5.019541184799121e-06	4.784839e+00	1.236488e+00	6.745523e+00
5.020146778206108e-06	4.770518e+00	1.339493e+00	6.216931e+00
5.020978386381748e-06	4.753237e+00	1.455849e+00	5.712502e+00
5.021978386381748e-06	4.735290e+00	1.569870e+00	5.417679e+00
5.022978386381749e-06	4.719599e+00	1.666714e+00	5.321735e+00
5.023978386381748e-06	4.705777e+00	1.752228e+00	5.282381e+00
5.024978386381748e-06	4.693592e+00	1.828762e+00	5.248249e+00
5.025978386381748e-06	4.682857e+00	1.897259e+00	5.217789e+00
5.026978386381748e-06	4.673399e+00	1.958542e+00	5.190339e+00
5.027978386381749e-06	4.665063e+00	2.013374e+00	5.166277e+00
5.028978386381748e-06	4.657708e+00	2.062454e+00	5.145031e+00
5.029978386381749e-06	4.651215e+00	2.106400e+00	5.126276e+00
5.030978386381748e-06	4.645477e+00	2.145752e+00	5.109705e+00
5.031978386381748e-06	4.640403e+00	2.181007e+00	5.095052e+00
5.032978386381749e-06	4.635911e+00	2.212597e+00	5.082084e+00
5.033978386381748e-06	4.631932e+00	2.240906e+00	5.070597e+00
5.034978386381749e-06	4.628405e+00	2.266281e+00	5.060415e+00
5.035978386381748e-06	4.625275e+00	2.289036e+00	5.051382e+00
5.036978386381748e-06	4.622496e+00	2.309441e+00	5.043363e+00
5.037978386381748e-06	4.620028e+00	2.327740e+00	5.036239e+00
5.038978386381748e-06	4.617833e+00	2.344154e+00	5.029906e+00
5.039978386381749e-06	4.615881e+00	2.358883e+00	5.024273e+00
5.040978386381748e-06	4.614143e+00	2.372101e+00	5.019259e+00
5.041978386381748e-06	4.612596e+00	2.383965e+00	5.014794e+00
5.042978386381748e-06	4.611217e+00	2.394611e+00	5.010816e+00
5.043978386381748e-06	4.609988e+00	2.404167e+00	5.007269e+00
5.044978386381749e-06	4.608891e+00	2.412746e+00	5.004106e+00
5.045978386381748e-06	4.607913e+00	2.420448e+00	5.001283e+00
5.046978386381749e-06	4.607039e+00	2.427368e+00	4.998764e+00
5.047978386381748e-06	4.606259e+00	2.433582e+00	4.996514e+00
5.048978386381748e-06	4.605563e+00	2.439163e+00	4.994504e+00
5.049978386381749e-06	4.604940e+00	2.444176e+00	4.992708e+00
5.050978386381748e-06	4.604384e+00	2.448677e+00	4.991102e+00
5.051978386381749e-06	4.603886e+00	2.452721e+00	4.989667e+00
5.052978386381748e-06	4.603441e+00	2.456356e+00	4.988383e+00
5.053978386381748e-06	4.603043e+00	2.459618e+00	4.987234e+00
5.054978386381748e-06	4.602686e+00	2.462555e+00	4.986206e+00
5.055978386381748e-06	4.602367e+00	2.465187e+00	4.985286e+00
5.056978386381749e-06	4.602082e+00	2.467560e+00	4.984462e+00
5.057978386381748e-06	4.601826e+00	2.469688e+00	4.983725e+00
5.058978386381749e-06	4.601597e+00	2.471603e+00	4.983064e+00
5.059978386381748e-06	4.601392e+00	2.473320e+00	4.982472e+00
5.060978386381748e-06	4.601208e+00	2.474869e+00	4.981942e+00
5.061978386381749e-06	4.601043e+00	2.476257e+00	4.981466e+00
5.062978386381748e-06	4.600896e+00	2.477509e+00	4.981041e+00
5.063978386381749e-06	4.600763e+00	2.478630e+00	4.980659e+00
5.064978386381748e-06	4.600645e+00	2.479641e+00	4.980317e+00
5.065978386381748e-06	4.600539e+00	2.480549e+00	4.980011e+00
5.066978386381749e-06	4.600443e+00	2.481365e+00	4.979736e+00
5.067978386381748e-06	4.600357e+00	2.482098e+00	4.979489e+00
5.068978386381749e-06	4.600281e+00	2.482758e+00	4.979269e+00
5.069978386381748e-06	4.600212e+00	2.483353e+00	4.979070e+00
5.070978386381748e-06	4.600151e+00	2.483887e+00	4.978892e+00
5.071978386381748e-06	4.600096e+00	2.484367e+00	4.978733e+00
5.072978386381748e-06	4.600046e+00	2.484798e+00	4.978590e+00
5.073978386381749e-06	4.600002e+00	2.485184e+00	4.978462e+00
5.074978386381748e-06	4.599962e+00	2.485535e+00	4.978347e+00
5.075978386381749e-06	4.599925e+00	2.485847e+00	4.978244e+00
5.076978386381748e-06	4.599894e+00	2.486130e+00	4.978151e+00
5.077978386381748e-06	4.599865e+00	2.486385e+00	4.978068e+00
5.078978386381749e-06	4.599839e+00	2.486614e+00	4.977993e+00
5.079978386381748e-06	4.599816e+00	2.486820e+00	4.977927e+00
5.080978386381749e-06	4.599795e+00	2.487007e+00	4.977867e+00
5.081978386381748e-06	4.599776e+00	2.487171e+00	4.977813e+00
5.082978386381748e-06	4.599760e+00	2.487320e+00	4.977764e+00
5.083978386381749e-06	4.599744e+00	2.487457e+00	4.977721e+00
5.084978386381748e-06	4.599731e+00	2.487579e+00	4.977682e+00
5.085978386381749e-06	4.599719e+00	2.487686e+00	4.977647e+00
5.086978386381748e-06	4.599709e+00	2.487785e+00	4.977616e+00
5.087978386381749e-06	4.599699e+00	2.487873e+00	4.977588e+00
5.088978386381748e-06	4.599690e+00	2.487953e+00	4.977563e+00
5.089978386381748e-06	4.599682e+00	2.488022e+00	4.977540e+00
5.090978386381749e-06	4.599675e+00	2.488091e+00	4.977520e+00
5.091978386381748e-06	4.599669e+00	2.488148e+00	4.977502e+00
5.092978386381749e-06	4.599663e+00	2.488197e+00	4.977485e+00
5.093978386381748e-06	4.599658e+00	2.488247e+00	4.977470e+00
5.094978386381748e-06	4.599653e+00	2.488289e+00	4.977458e+00
5.095978386381749e-06	4.599649e+00	2.488327e+00	4.977446e+00
5.096978386381748e-06	4.599646e+00	2.488361e+00	4.977435e+00
5.097978386381749e-06	4.599642e+00	2.488392e+00	4.977426e+00
5.098978386381748e-06	4.599639e+00	2.488419e+00	4.977417e+00
5.099978386381748e-06	4.599636e+00	2.488445e+00	4.977409e+00
5.100978386381749e-06	4.599634e+00	2.488468e+00	4.977403e+00
5.101978386381748e-06	4.599632e+00	2.488487e+00	4.977396e+00
5.102978386381749e-06	4.599630e+00	2.488506e+00	4.977391e+00
5.103978386381748e-06	4.599629e+00	2.488522e+00	4.977386e+00
5.104978386381749e-06	4.599627e+00	2.488537e+00	4.977382e+00
5.105978386381748e-06	4.599625e+00	2.488548e+00	4.977377e+00
5.106978386381748e-06	4.599624e+00	2.488564e+00	4.977374e+00
5.107978386381749e-06	4.599623e+00	2.488571e+00	4.977371e+00
5.108978386381748e-06	4.599622e+00	2.488583e+00	4.977368e+00
5.109978386381749e-06	4.599621e+00	2.488590e+00	4.977365e+00
5.110978386381748e-06	4.599620e+00	2.488598e+00	4.977363e+00
5.111978386381748e-06	4.599620e+00	2.488605e+00	4.977361e+00
5.112978386381749e-06	4.599619e+00	2.488613e+00	4.977359e+00
5.113978386381748e-06	4.599618e+00	2.488617e+00	4.977357e+00
5.114978386381749e-06	4.599618e+00	2.488625e+00	4.977356e+00
5.115978386381748e-06	4.599618e+00	2.488628e+00	4.977355e+00
5.116978386381749e-06	4.599617e+00	2.488632e+00	4.977353e+00
5.117978386381749e-06	4.599616e+00	2.488636e+00	4.977352e+00
5.118978386381748e-06	4.599616e+00	2.488640e+00	4.977351e+00
5.119978386381749e-06	4.599616e+00	2.488644e+00	4.977350e+00
5.120978386381748e-06	4.599616e+00	2.488647e+00	4.977349e+00
5.121978386381749e-06	4.599616e+00	2.488647e+00	4.977349e+00
5.122978386381748e-06	4.599615e+00	2.488651e+00	4.977348e+00
5.123978386381748e-06	4.599615e+00	2.488651e+00	4.977347e+00
5.124978386381749e-06	4.599615e+00	2.488655e+00	4.977347e+00
5.125978386381748e-06	4.599615e+00	2.488655e+00	4.977346e+00
5.126978386381749e-06	4.599615e+00	2.488659e+00	4.977346e+00
5.127978386381748e-06	4.599615e+00	2.488659e+00	4.977346e+00
5.128978386381749e-06	4.599614e+00	2.488659e+00	4.977345e+00
5.129978386381749e-06	4.599615e+00	2.488663e+00	4.977345e+00
5.130978386381748e-06	4.599615e+00	2.488663e+00	4.977345e+00
5.131978386381749e-06	4.599614e+00	2.488663e+00	4.977345e+00
5.132978386381748e-06	4.599615e+00	2.488663e+00	4.977345e+00
5.133978386381749e-06	4.599614e+00	2.488663e+00	4.977345e+00
5.134978386381749e-06	4.599614e+00	2.488667e+00	4.977344e+00
5.135978386381748e-06	4.599614e+00	2.488667e+00	4.977344e+00
5.136978386381749e-06	4.599614e+00	2.488667e+00	4.977344e+00
5.137978386381748e-06	4.599614e+00	2.488667e+00	4.977344e+00
5.138978386381749e-06	4.599614e+00	2.488667e+00	4.977344e+00
5.139978386381749e-06	4.599614e+00	2.488667e+00	4.977344e+00
5.140978386381748e-06	4.599614e+00	2.488667e+00	4.977344e+00
5.141978386381749e-06	4.599614e+00	2.488667e+00	4.977344e+00
5.142978386381748e-06	4.599614e+00	2.488670e+00	4.977344e+00
5.143978386381749e-06	4.599614e+00	2.488670e+00	4.977343e+00
5.144978386381748e-06	4.599613e+00	2.488670e+00	4.977343e+00
5.145978386381749e-06	4.599613e+00	2.488670e+00	4.977343e+00
5.146978386381749e-06	4.599613e+00	2.488670e+00	4.977343e+00
5.147978386381748e-06	4.599613e+00	2.488670e+00	4.977343e+00
5.148978386381749e-06	4.599614e+00	2.488670e+00	4.977343e+00
5.149978386381748e-06	4.599614e+00	2.488670e+00	4.977343e+00
5.150978386381749e-06	4.599614e+00	2.488670e+00	4.977343e+00
5.151978386381749e-06	4.599614e+00	2.488670e+00	4.977343e+00
5.152978386381748e-06	4.599614e+00	2.488670e+00	4.977343e+00
5.153978386381749e-06	4.599614e+00	2.488670e+00	4.977343e+00
5.154978386381748e-06	4.599614e+00	2.488670e+00	4.977343e+00
5.155978386381749e-06	4.599614e+00	2.488670e+00	4.977343e+00
5.156978386381749e-06	4.599614e+00	2.488670e+00	4.977343e+00
5.157978386381749e-06	4.599614e+00	2.488670e+00	4.977343e+00
5.158978386381749e-06	4.599614e+00	2.488670e+00	4.977343e+00
5.159978386381748e-06	4.599614e+00	2.488670e+00	4.977343e+00
5.160978386381749e-06	4.599614e+00	2.488670e+00	4.977343e+00
5.161978386381748e-06	4.599614e+00	2.488670e+00	4.977343e+00
5.162978386381749e-06	4.599614e+00	2.488670e+00	4.977343e+00
5.163978386381749e-06	4.599614e+00	2.488670e+00	4.977343e+00
5.164978386381748e-06	4.599614e+00	2.488670e+00	4.977343e+00
5.165978386381749e-06	4.599614e+00	2.488670e+00	4.977343e+00
5.166978386381748e-06	4.599614e+00	2.488670e+00	4.977343e+00
5.167978386381749e-06	4.599614e+00	2.488670e+00	4.977343e+00
5.168978386381749e-06	4.599614e+00	2.488670e+00	4.977343e+00
5.169978386381748e-06	4.599614e+00	2.488670e+00	4.977343e+00
5.170978386381749e-06	4.599614e+00	2.488670e+00	4.977343e+00
5.171978386381748e-06	4.599614e+00	2.488670e+00	4.977343e+00
5.172978386381749e-06	4.599614e+00	2.488670e+00	4.977343e+00
5.173978386381749e-06	4.599614e+00	2.488670e+00	4.977343e+00
5.174978386381749e-06	4.599614e+00	2.488670e+00	4.977343e+00
5.175978386381749e-06	4.599614e+00	2.488670e+00	4.977343e+00
5.176978386381748e-06	4.599613e+00	2.488670e+00	4.977343e+00
5.177978386381749e-06	4.599613e+00	2.488670e+00	4.977343e+00
5.178978386381748e-06	4.599613e+00	2.488670e+00	4.977343e+00
5.179978386381749e-06	4.599613e+00	2.488670e+00	4.977343e+00
5.180978386381749e-06	4.599613e+00	2.488670e+00	4.977343e+00
5.181978386381748e-06	4.599613e+00	2.488670e+00	4.977343e+00
5.182978386381749e-06	4.599613e+00	2.488670e+00	4.977343e+00
5.183978386381748e-06	4.599613e+00	2.488670e+00	4.977343e+00
5.184978386381749e-06	4.599614e+00	2.488670e+00	4.977343e+00
5.185978386381749e-06	4.599614e+00	2.488670e+00	4.977343e+00
5.186978386381749e-06	4.599614e+00	2.488670e+00	4.977343e+00
5.187978386381749e-06	4.599614e+00	2.488670e+00	4.977343e+00
5.188978386381748e-06	4.599614e+00	2.488670e+00	4.977343e+00
5.189978386381749e-06	4.599614e+00	2.488670e+00	4.977343e+00
5.191978386381749e-06	4.599613e+00	2.488670e+00	4.977343e+00
5.193978386381748e-06	4.599613e+00	2.488670e+00	4.977343e+00
5.195978386381748e-06	4.599613e+00	2.488670e+00	4.977343e+00
5.197978386381749e-06	4.599613e+00	2.488670e+00	4.977343e+00
5.199978386381749e-06	4.599613e+00	2.488670e+00	4.977343e+00
5.201978386381749e-06	4.599613e+00	2.488670e+00	4.977343e+00
5.203978386381749e-06	4.599613e+00	2.488670e+00	4.977343e+00
5.205978386381748e-06	4.599614e+00	2.488670e+00	4.977343e+00
5.207978386381749e-06	4.599614e+00	2.488670e+00	4.977343e+00
5.210978386381748e-06	4.599613e+00	2.488670e+00	4.977343e+00
5.213978386381749e-06	4.599613e+00	2.488670e+00	4.977343e+00
5.214978386381749e-06	4.599613e+00	2.488670e+00	4.977343e+00
5.215200000000000e-06	4.599613e+00	2.488670e+00	4.977343e+00
5.215643227236502e-06	4.599613e+00	2.488670e+00	4.977343e+00
5.216200000000000e-06	4.599614e+00	2.488670e+00	4.977346e+00
5.216255677276350e-06	4.599654e+00	2.488670e+00	4.977463e+00
5.216367031829049e-06	4.599742e+00	2.488674e+00	4.977727e+00
5.216589740934448e-06	4.599931e+00	2.488682e+00	4.978284e+00
5.217035159145246e-06	4.600294e+00	2.488716e+00	4.979343e+00
5.217925995566842e-06	4.600958e+00	2.488842e+00	4.981263e+00
5.218925995566843e-06	4.601615e+00	2.489040e+00	4.983160e+00
5.219925995566842e-06	4.602174e+00	2.489296e+00	4.984770e+00
5.220925995566842e-06	4.602632e+00	2.489594e+00	4.986087e+00
5.221925995566842e-06	4.603007e+00	2.489914e+00	4.987165e+00
5.222100000000000e-06	4.603060e+00	2.489971e+00	4.987318e+00
5.222448008866315e-06	4.603142e+00	2.490089e+00	4.987555e+00
5.223100000000000e-06	4.603272e+00	2.490307e+00	4.987926e+00
5.223165199113368e-06	4.603233e+00	2.490330e+00	4.987808e+00
5.223295597340105e-06	4.603143e+00	2.490368e+00	4.987536e+00
5.223556393793579e-06	4.602944e+00	2.490440e+00	4.986948e+00
5.224077986700527e-06	4.602536e+00	2.490555e+00	4.985756e+00
5.225077986700526e-06	4.601727e+00	2.490692e+00	4.983414e+00
5.226077986700526e-06	4.600864e+00	2.490726e+00	4.980918e+00
5.227077986700527e-06	4.599899e+00	2.490643e+00	4.978126e+00
5.228077986700526e-06	4.598759e+00	2.490433e+00	4.974817e+00
5.229077986700527e-06	4.597300e+00	2.490074e+00	4.970582e+00
5.230077986700526e-06	4.595198e+00	2.489529e+00	4.964476e+00
5.231077986700527e-06	4.591357e+00	2.488647e+00	4.953291e+00
5.232077986700527e-06	4.575427e+00	2.486584e+00	4.906597e+00
5.233077986700526e-06	4.536780e+00	2.482491e+00	4.793161e+00
5.233202986700526e-06	4.528071e+00	2.481556e+00	4.767674e+00
5.233452986700526e-06	4.504993e+00	2.478687e+00	4.700394e+00
5.233952986700526e-06	4.451276e+00	2.470036e+00	4.544392e+00
5.234952986700527e-06	4.305720e+00	2.444283e+00	4.121707e+00
5.235466183526778e-06	4.204178e+00	2.425003e+00	3.827544e+00
5.235864490384339e-06	4.131308e+00	2.405270e+00	3.619369e+00
5.236233965345322e-06	4.072448e+00	2.384369e+00	3.452425e+00
5.236518163005563e-06	4.003616e+00	2.366405e+00	3.253448e+00
5.236798760579872e-06	3.892598e+00	2.345261e+00	2.930650e+00
5.237195097910083e-06	3.636725e+00	2.306797e+00	2.186917e+00
5.237593738276303e-06	3.175632e+00	2.249130e+00	8.529339e-01
5.238129788952300e-06	2.070547e+00	2.120529e+00	-2.306896e+00
5.238682220991863e-06	4.152718e-01	1.930222e+00	-6.996522e+00
5.238696419452213e-06	3.609314e-01	1.923870e+00	-7.149173e+00
5.238781610214315e-06	-1.751328e-02	1.879257e+00	-8.205055e+00
5.238782617155199e-06	-2.212143e-02	1.878712e+00	-8.217885e+00
5.238784631036966e-06	-3.145599e-02	1.877609e+00	-8.243864e+00
5.238788658800499e-06	-5.012512e-02	1.875389e+00	-8.295784e+00
5.238793199050904e-06	-7.109833e-02	1.872871e+00	-8.354075e+00
5.238798042200136e-06	-9.336090e-02	1.870152e+00	-8.415860e+00
5.238804045065193e-06	-1.207962e-01	1.866718e+00	-8.491925e+00
5.238810849244845e-06	-1.517181e-01	1.862732e+00	-8.577530e+00
5.238831297805594e-06	-2.431335e-01	1.850323e+00	-8.829721e+00
5.238832437839168e-06	-2.469521e-01	1.849609e+00	-8.839853e+00
5.238834717906316e-06	-2.513771e-01	1.848167e+00	-8.850527e+00
5.238839278040612e-06	-2.563934e-01	1.845276e+00	-8.860222e+00
5.238848398309204e-06	-2.627563e-01	1.839485e+00	-8.868403e+00
5.238866638846388e-06	-2.700996e-01	1.827881e+00	-8.868513e+00
5.238903119920756e-06	-2.742500e-01	1.804764e+00	-8.836779e+00
5.238976082069492e-06	-2.719536e-01	1.759205e+00	-8.741555e+00
5.239118255634011e-06	-2.627449e-01	1.673244e+00	-8.542957e+00
5.239402602763050e-06	-2.432365e-01	1.512207e+00	-8.146653e+00
5.239971297021126e-06	-2.061119e-01	1.220963e+00	-7.371446e+00
5.240572438160829e-06	-1.709137e-01	9.511833e-01	-6.579704e+00
5.241117007580764e-06	-1.434097e-01	7.433128e-01	-5.892624e+00
5.241706012900215e-06	-1.181488e-01	5.540314e-01	-5.182689e+00
5.242265662873466e-06	-9.801102e-02	4.042625e-01	-4.540326e+00
5.242853671690966e-06	-8.054352e-02	2.755394e-01	-3.900766e+00
5.243416670397637e-06	-6.697845e-02	1.765709e-01	-3.324110e+00
5.243998902298441e-06	-5.585098e-02	9.654999e-02	-2.767470e+00
5.244564755281315e-06	-4.748917e-02	3.767014e-02	-2.268493e+00
5.245144743042297e-06	-4.108810e-02	-5.897522e-03	-1.804692e+00
5.245713086519370e-06	-3.659439e-02	-3.475189e-02	-1.403621e+00
5.246291105802523e-06	-3.348541e-02	-5.260468e-02	-1.058750e+00
5.246860902892819e-06	-3.150177e-02	-6.153107e-02	-7.851022e-01
5.247437543317478e-06	-3.012085e-02	-6.489182e-02	-5.687824e-01
5.247915896055753e-06	-2.877045e-02	-6.636429e-02	-4.246620e-01
5.248097750292842e-06	-2.816772e-02	-6.769943e-02	-3.787637e-01
5.248220004107334e-06	-2.783203e-02	-6.896973e-02	-3.518022e-01
5.248341622016640e-06	-2.753448e-02	-7.006836e-02	-3.270185e-01
5.248471499463783e-06	-2.722931e-02	-7.107544e-02	-3.023397e-01
5.248595654583251e-06	-2.696609e-02	-7.189560e-02	-2.804185e-01
5.248729119978831e-06	-2.669144e-02	-7.263565e-02	-2.585734e-01
5.248871659679038e-06	-2.642441e-02	-7.328033e-02	-2.370609e-01
5.249027169627691e-06	-2.615356e-02	-7.382202e-02	-2.155763e-01
5.249205460702485e-06	-2.587128e-02	-7.425690e-02	-1.933082e-01
5.249414307234771e-06	-2.557373e-02	-7.454300e-02	-1.701050e-01
5.249671023240205e-06	-2.525330e-02	-7.460403e-02	-1.454105e-01
5.250003295717319e-06	-2.490997e-02	-7.428741e-02	-1.188116e-01
5.250460571561947e-06	-2.452850e-02	-7.329178e-02	-9.030243e-02
5.251140479025776e-06	-2.410889e-02	-7.105255e-02	-5.955371e-02
5.251848645322341e-06	-2.381516e-02	-6.811905e-02	-3.811781e-02
5.252686782534125e-06	-2.361298e-02	-6.420517e-02	-2.266423e-02
5.253686782534125e-06	-2.349854e-02	-5.936813e-02	-1.206411e-02
5.254686782534125e-06	-2.347565e-02	-5.460358e-02	-6.370306e-03
5.255686782534125e-06	-2.351761e-02	-5.006790e-02	-3.487121e-03
5.256686782534125e-06	-2.360153e-02	-4.582977e-02	-2.049415e-03
5.257686782534125e-06	-2.371216e-02	-4.191589e-02	-1.346229e-03
5.258686782534125e-06	-2.384186e-02	-3.832245e-02	-1.010492e-03
5.259686782534125e-06	-2.398300e-02	-3.502655e-02	-8.535993e-04
5.260686782534125e-06	-2.411652e-02	-3.201675e-02	-7.798566e-04
5.261686782534125e-06	-2.426147e-02	-2.926254e-02	-7.416570e-04
5.262686782534125e-06	-2.440262e-02	-2.674484e-02	-7.159348e-04
5.263686782534125e-06	-2.453995e-02	-2.444839e-02	-6.922349e-04
5.264686782534125e-06	-2.466965e-02	-2.235031e-02	-6.662320e-04
5.265686782534125e-06	-2.478790e-02	-2.043152e-02	-6.367230e-04
5.266686782534125e-06	-2.490234e-02	-1.868057e-02	-6.037728e-04
5.267686782534125e-06	-2.501297e-02	-1.707840e-02	-5.681133e-04
5.268686782534125e-06	-2.510834e-02	-1.561737e-02	-5.303257e-04
5.269686782534125e-06	-2.519989e-02	-1.428223e-02	-4.914030e-04
5.270686782534125e-06	-2.528000e-02	-1.306152e-02	-4.522610e-04
5.271686782534125e-06	-2.536011e-02	-1.194382e-02	-4.134504e-04
5.272686782534125e-06	-2.542496e-02	-1.092148e-02	-3.755258e-04
5.273686782534125e-06	-2.548599e-02	-9.983063e-03	-3.387556e-04
5.274686782534125e-06	-2.553940e-02	-9.128571e-03	-3.030807e-04
5.275686782534125e-06	-2.558899e-02	-8.342743e-03	-2.688308e-04
5.276686782534125e-06	-2.563095e-02	-7.625580e-03	-2.361152e-04
5.277686782534125e-06	-2.566147e-02	-6.973267e-03	-2.050871e-04
5.278686782534125e-06	-2.568817e-02	-6.370544e-03	-1.757316e-04
5.279686782534125e-06	-2.571106e-02	-5.821228e-03	-1.481136e-04
5.280686782534125e-06	-2.573013e-02	-5.321503e-03	-1.221540e-04
5.281686782534125e-06	-2.574921e-02	-4.859924e-03	-9.787059e-05
5.282686782534125e-06	-2.575302e-02	-4.440308e-03	-7.515092e-05
5.283686782534125e-06	-2.576065e-02	-4.055023e-03	-5.398844e-05
5.284686782534126e-06	-2.576447e-02	-3.700256e-03	-3.425504e-05
5.285686782534125e-06	-2.576447e-02	-3.379822e-03	-1.593330e-05
5.286686782534125e-06	-2.576065e-02	-3.082275e-03	1.110093e-06
5.287686782534125e-06	-2.575302e-02	-2.811432e-03	1.689546e-05
5.288686782534125e-06	-2.574158e-02	-2.563477e-03	3.155496e-05
5.289686782534125e-06	-2.573395e-02	-2.338409e-03	4.510711e-05
5.290686782534125e-06	-2.571869e-02	-2.128601e-03	5.767925e-05
5.291686782534125e-06	-2.569962e-02	-1.941681e-03	6.928563e-05
5.292686782534125e-06	-2.568436e-02	-1.766205e-03	8.004680e-05
5.293686782534125e-06	-2.566147e-02	-1.609802e-03	8.997150e-05
5.294686782534125e-06	-2.564240e-02	-1.461029e-03	9.917268e-05
5.295686782534125e-06	-2.561569e-02	-1.327515e-03	1.076532e-04
5.296686782534125e-06	-2.558899e-02	-1.205444e-03	1.155182e-04
5.297686782534125e-06	-2.556229e-02	-1.094818e-03	1.227648e-04
5.298686782534125e-06	-2.553940e-02	-9.918213e-04	1.294907e-04
5.299686782534125e-06	-2.550507e-02	-9.002686e-04	1.356875e-04
5.300686782534125e-06	-2.547836e-02	-8.125305e-04	1.414459e-04
5.301686782534126e-06	-2.544785e-02	-7.362366e-04	1.467527e-04
5.302686782534125e-06	-2.541351e-02	-6.637573e-04	1.516921e-04
5.303686782534125e-06	-2.538300e-02	-5.989075e-04	1.562468e-04
5.304686782534125e-06	-2.534866e-02	-5.378723e-04	1.604949e-04
5.305686782534125e-06	-2.531815e-02	-4.806519e-04	1.644155e-04
5.306686782534125e-06	-2.528381e-02	-4.310608e-04	1.680816e-04
5.307686782534125e-06	-2.524567e-02	-3.852844e-04	1.714692e-04
5.308686782534125e-06	-2.521133e-02	-3.433228e-04	1.746466e-04
5.309686782534125e-06	-2.517319e-02	-3.051758e-04	1.775871e-04
5.310686782534125e-06	-2.513885e-02	-2.670288e-04	1.803550e-04
5.311686782534125e-06	-2.509689e-02	-2.365112e-04	1.829216e-04
5.312686782534125e-06	-2.505493e-02	-2.059937e-04	1.853474e-04
5.313686782534126e-06	-2.502060e-02	-1.792908e-04	1.876020e-04
5.314686782534125e-06	-2.498245e-02	-1.525879e-04	1.897427e-04
5.315686782534125e-06	-2.494049e-02	-1.296997e-04	1.917379e-04
5.316686782534125e-06	-2.490234e-02	-1.106262e-04	1.936418e-04
5.317686782534125e-06	-2.486038e-02	-9.155273e-05	1.954219e-04
5.318686782534126e-06	-2.482224e-02	-7.247925e-05	1.971299e-04
5.319686782534125e-06	-2.478409e-02	-5.722046e-05	1.987326e-04
5.320686782534125e-06	-2.474594e-02	-4.196167e-05	2.002792e-04
5.321686782534125e-06	-2.470398e-02	-3.051758e-05	2.017361e-04
5.322686782534125e-06	-2.466202e-02	-1.525879e-05	2.031506e-04
5.323686782534125e-06	-2.461624e-02	-7.629395e-06	2.044887e-04
5.324686782534125e-06	-2.457428e-02	3.814697e-06	2.057957e-04
5.325686782534125e-06	-2.452850e-02	1.525879e-05	2.070377e-04
5.326686782534125e-06	-2.449036e-02	2.288818e-05	2.082583e-04
5.327686782534125e-06	-2.444839e-02	3.051758e-05	2.094234e-04
5.328686782534125e-06	-2.440643e-02	3.814697e-05	2.105752e-04
5.329686782534125e-06	-2.436447e-02	4.577637e-05	2.116798e-04
5.330686782534126e-06	-2.432251e-02	5.340576e-05	2.127779e-04
5.331686782534125e-06	-2.427673e-02	7.247925e-05	2.124904e-04
5.332686782534125e-06	-2.423477e-02	9.155273e-05	2.117006e-04
5.333686782534125e-06	-2.419281e-02	1.106262e-04	2.122559e-04
5.334686782534125e-06	-2.414703e-02	1.258850e-04	2.134829e-04
5.335686782534126e-06	-2.410507e-02	1.373291e-04	2.149459e-04
5.336686782534125e-06	-2.406311e-02	1.487732e-04	2.165185e-04
5.337686782534125e-06	-2.401733e-02	1.602173e-04	2.180799e-04
5.338686782534125e-06	-2.397919e-02	1.678467e-04	2.196302e-04
5.339686782534125e-06	-2.393341e-02	1.754761e-04	2.211149e-04
5.340686782534126e-06	-2.388382e-02	1.792908e-04	2.225669e-04
5.341686782534125e-06	-2.383804e-02	1.869202e-04	2.239498e-04
5.342686782534126e-06	-2.379608e-02	1.907349e-04	2.253040e-04
5.343686782534125e-06	-2.375031e-02	1.945496e-04	2.265976e-04
5.344686782534125e-06	-2.370453e-02	1.983643e-04	2.278715e-04
5.345686782534125e-06	-2.365875e-02	1.983643e-04	2.290952e-04
5.346686782534125e-06	-2.361298e-02	2.021790e-04	2.303083e-04
5.347686782534126e-06	-2.356720e-02	2.021790e-04	2.314808e-04
5.348686782534125e-06	-2.351761e-02	2.021790e-04	2.326509e-04
5.349686782534125e-06	-2.346802e-02	2.059937e-04	2.337887e-04
5.350686782534125e-06	-2.342606e-02	2.059937e-04	2.349310e-04
5.351686782534125e-06	-2.337646e-02	2.059937e-04	2.360482e-04
5.352686782534126e-06	-2.332687e-02	2.059937e-04	2.371757e-04
5.353686782534125e-06	-2.328110e-02	2.021790e-04	2.382842e-04
5.354686782534126e-06	-2.323151e-02	2.021790e-04	2.394079e-04
5.355686782534125e-06	-2.318192e-02	2.021790e-04	2.405180e-04
5.356686782534125e-06	-2.313232e-02	2.021790e-04	2.416476e-04
5.357686782534126e-06	-2.308273e-02	2.021790e-04	2.427680e-04
5.358686782534125e-06	-2.303696e-02	2.021790e-04	2.439115e-04
5.359686782534126e-06	-2.298355e-02	1.983643e-04	2.450499e-04
5.360686782534125e-06	-2.293396e-02	1.983643e-04	2.462144e-04
5.361686782534125e-06	-2.288818e-02	1.945496e-04	2.473775e-04
5.362686782534125e-06	-2.283478e-02	1.945496e-04	2.485694e-04
5.363686782534125e-06	-2.278137e-02	1.945496e-04	2.497629e-04
5.364686782534126e-06	-2.273178e-02	1.945496e-04	2.509878e-04
5.365686782534125e-06	-2.268219e-02	1.907349e-04	2.522172e-04
5.366686782534125e-06	-2.263260e-02	1.907349e-04	2.534801e-04
5.367686782534125e-06	-2.257919e-02	1.869202e-04	2.547503e-04
5.368686782534125e-06	-2.252960e-02	1.869202e-04	2.560560e-04
5.369686782534126e-06	-2.248001e-02	1.869202e-04	2.573715e-04
5.370686782534125e-06	-2.242661e-02	1.869202e-04	2.587637e-04
5.371686782534126e-06	-2.236938e-02	1.831055e-04	2.601832e-04
5.372686782534125e-06	-2.231598e-02	1.831055e-04	2.615666e-04
5.373686782534125e-06	-2.226257e-02	1.792908e-04	2.629314e-04
5.374686782534126e-06	-2.221298e-02	1.792908e-04	2.643644e-04
5.375686782534125e-06	-2.215958e-02	1.792908e-04	2.658288e-04
5.376686782534126e-06	-2.210236e-02	1.792908e-04	2.673435e-04
5.377686782534125e-06	-2.204895e-02	1.754761e-04	2.688812e-04
5.378686782534125e-06	-2.199554e-02	1.754761e-04	2.704655e-04
5.379686782534125e-06	-2.193451e-02	1.754761e-04	2.720723e-04
5.380686782534125e-06	-2.188110e-02	1.754761e-04	2.737261e-04
5.381686782534126e-06	-2.182770e-02	1.754761e-04	2.754040e-04
5.382686782534125e-06	-2.177048e-02	1.754761e-04	2.771307e-04
5.383686782534126e-06	-2.171326e-02	1.754761e-04	2.788838e-04
5.384686782534125e-06	-2.165222e-02	1.754761e-04	2.806877e-04
5.385686782534125e-06	-2.159882e-02	1.716614e-04	2.825208e-04
5.386686782534126e-06	-2.154160e-02	1.716614e-04	2.844069e-04
5.387686782534125e-06	-2.148056e-02	1.716614e-04	2.863250e-04
5.388686782534126e-06	-2.142334e-02	1.716614e-04	2.882987e-04
5.389686782534125e-06	-2.136230e-02	1.716614e-04	2.903073e-04
5.390686782534125e-06	-2.130508e-02	1.716614e-04	2.923742e-04
5.391686782534126e-06	-2.124405e-02	1.678467e-04	2.944793e-04
5.392686782534125e-06	-2.118683e-02	1.678467e-04	2.966457e-04
5.393686782534126e-06	-2.112579e-02	1.678467e-04	2.988537e-04
5.394686782534125e-06	-2.106476e-02	1.678467e-04	3.011262e-04
5.395686782534125e-06	-2.099991e-02	1.678467e-04	3.034441e-04
5.396686782534125e-06	-2.093887e-02	1.678467e-04	3.058299e-04
5.397686782534125e-06	-2.087784e-02	1.678467e-04	3.082653e-04
5.398686782534126e-06	-2.081299e-02	1.678467e-04	3.107724e-04
5.399686782534125e-06	-2.074814e-02	1.678467e-04	3.133336e-04
5.400686782534126e-06	-2.068329e-02	1.716614e-04	3.159708e-04
5.401686782534125e-06	-2.061844e-02	1.716614e-04	3.186669e-04
5.402686782534125e-06	-2.055359e-02	1.716614e-04	3.214436e-04
5.403686782534126e-06	-2.048492e-02	1.716614e-04	3.242845e-04
5.404686782534125e-06	-2.042007e-02	1.754761e-04	3.272114e-04
5.405686782534126e-06	-2.035522e-02	1.754761e-04	3.302082e-04
5.406686782534125e-06	-2.028275e-02	1.754761e-04	3.332967e-04
5.407686782534125e-06	-2.021790e-02	1.754761e-04	3.364616e-04
5.408686782534126e-06	-2.014923e-02	1.754761e-04	3.397247e-04
5.409686782534125e-06	-2.008057e-02	1.754761e-04	3.430712e-04
5.410686782534126e-06	-2.000809e-02	1.754761e-04	3.465231e-04
5.411686782534125e-06	-1.993561e-02	1.754761e-04	3.500663e-04
5.412686782534126e-06	-1.986694e-02	1.792908e-04	3.537229e-04
5.413686782534125e-06	-1.979065e-02	1.792908e-04	3.574796e-04
5.414686782534125e-06	-1.971436e-02	1.831055e-04	3.613585e-04
5.415686782534126e-06	-1.963806e-02	1.831055e-04	3.653474e-04
5.416686782534125e-06	-1.956558e-02	1.831055e-04	3.694686e-04
5.417686782534126e-06	-1.948929e-02	1.831055e-04	3.737108e-04
5.418686782534125e-06	-1.941299e-02	1.831055e-04	3.780967e-04
5.419686782534125e-06	-1.933289e-02	1.869202e-04	3.826158e-04
5.420686782534126e-06	-1.925659e-02	1.869202e-04	3.872915e-04
5.421686782534125e-06	-1.917267e-02	1.907349e-04	3.921145e-04
5.422686782534126e-06	-1.909256e-02	1.907349e-04	3.971084e-04
5.423686782534125e-06	-1.901245e-02	1.907349e-04	4.022655e-04
5.424686782534125e-06	-1.892853e-02	1.945496e-04	4.076102e-04
5.425686782534126e-06	-1.884460e-02	1.945496e-04	4.131361e-04
5.426686782534125e-06	-1.875687e-02	1.983643e-04	4.188685e-04
5.427686782534126e-06	-1.866913e-02	1.983643e-04	4.248026e-04
5.428686782534125e-06	-1.858139e-02	2.021790e-04	4.309651e-04
5.429686782534126e-06	-1.849365e-02	2.021790e-04	4.373530e-04
5.430686782534125e-06	-1.840210e-02	2.059937e-04	4.439944e-04
5.431686782534125e-06	-1.830673e-02	2.059937e-04	4.508885e-04
5.432686782534126e-06	-1.821518e-02	2.098083e-04	4.580653e-04
5.433686782534125e-06	-1.811981e-02	2.136230e-04	4.655265e-04
5.434686782534126e-06	-1.802063e-02	2.136230e-04	4.733044e-04
5.435686782534125e-06	-1.792145e-02	2.174377e-04	4.814038e-04
5.436686782534125e-06	-1.782227e-02	2.212524e-04	4.898599e-04
5.437686782534126e-06	-1.771927e-02	2.212524e-04	4.986810e-04
5.438686782534125e-06	-1.761627e-02	2.288818e-04	5.079059e-04
5.439686782534126e-06	-1.750946e-02	2.288818e-04	5.175475e-04
5.440686782534125e-06	-1.740265e-02	2.326965e-04	5.276490e-04
5.441686782534126e-06	-1.728821e-02	2.365112e-04	5.382286e-04
5.442686782534126e-06	-1.717377e-02	2.365112e-04	5.493353e-04
5.443686782534125e-06	-1.705933e-02	2.441406e-04	5.609942e-04
5.444686782534126e-06	-1.694107e-02	2.441406e-04	5.732613e-04
5.445686782534125e-06	-1.681900e-02	2.517700e-04	5.861705e-04
5.446686782534126e-06	-1.669693e-02	2.555847e-04	5.997870e-04
5.447686782534125e-06	-1.657104e-02	2.593994e-04	6.141558e-04
5.448686782534125e-06	-1.643372e-02	2.670288e-04	6.293539e-04
5.449686782534126e-06	-1.630020e-02	2.708435e-04	6.454407e-04
5.450686782534125e-06	-1.616669e-02	2.746582e-04	6.625090e-04
5.451686782534126e-06	-1.602554e-02	2.822876e-04	6.806372e-04
5.452686782534125e-06	-1.587677e-02	2.861023e-04	6.999394e-04
5.453686782534126e-06	-1.573181e-02	2.937317e-04	7.205190e-04
5.454686782534126e-06	-1.557541e-02	2.975464e-04	7.425192e-04
5.455686782534125e-06	-1.541519e-02	3.051758e-04	7.660778e-04
5.456686782534126e-06	-1.524734e-02	3.128052e-04	7.913780e-04
5.457686782534125e-06	-1.507568e-02	3.204346e-04	8.186061e-04
5.458686782534126e-06	-1.490021e-02	3.318787e-04	8.480020e-04
5.459686782534126e-06	-1.471710e-02	3.395081e-04	8.798214e-04
5.460686782534125e-06	-1.452255e-02	3.509521e-04	9.143869e-04
5.461686782534126e-06	-1.432037e-02	3.585815e-04	9.520563e-04
5.462686782534125e-06	-1.411438e-02	3.738403e-04	9.932765e-04
5.463686782534126e-06	-1.389313e-02	3.852844e-04	1.038561e-03
5.464686782534126e-06	-1.366425e-02	3.967285e-04	1.088550e-03
5.465686782534125e-06	-1.342392e-02	4.119873e-04	1.144004e-03
5.466686782534126e-06	-1.316452e-02	4.272461e-04	1.205877e-03
5.467686782534125e-06	-1.289368e-02	4.425049e-04	1.275343e-03
5.468686782534126e-06	-1.260376e-02	4.653931e-04	1.353894e-03
5.469686782534125e-06	-1.229095e-02	4.844666e-04	1.443429e-03
5.470686782534126e-06	-1.195145e-02	5.073547e-04	1.546430e-03
5.471686782534126e-06	-1.159286e-02	5.340576e-04	1.666179e-03
5.472686782534125e-06	-1.119614e-02	5.645752e-04	1.807127e-03
5.473686782534126e-06	-1.076126e-02	5.950928e-04	1.975469e-03
5.474686782534125e-06	-1.027298e-02	6.332397e-04	2.180057e-03
5.475686782534126e-06	-9.727478e-03	6.790161e-04	2.434091e-03
5.476686782534126e-06	-9.098053e-03	7.362366e-04	2.757986e-03
5.477686782534125e-06	-8.358002e-03	8.010864e-04	3.187506e-03
5.478686782534126e-06	-7.469177e-03	8.850098e-04	3.781541e-03
5.479686782534125e-06	-6.324768e-03	9.918213e-04	4.662047e-03
5.480686782534126e-06	-4.764557e-03	1.140594e-03	6.115338e-03
5.481686782534126e-06	-2.353668e-03	1.369476e-03	8.865577e-03
5.482686782534126e-06	1.571655e-03	1.747131e-03	1.385457e-02
5.483686782534126e-06	6.362915e-03	2.300262e-03	1.854269e-02
5.484686782534125e-06	9.517670e-03	2.880096e-03	1.726517e-02
5.485686782534126e-06	9.811401e-03	3.246307e-03	9.612690e-03
5.486388329863559e-06	8.678436e-03	3.269196e-03	3.112861e-03
5.487028236518253e-06	7.152557e-03	3.093719e-03	-1.636402e-03
5.488028236518253e-06	4.737854e-03	2.632141e-03	-6.242504e-03
5.489028236518253e-06	2.677917e-03	2.090454e-03	-8.134508e-03
5.490028236518252e-06	1.113892e-03	1.556396e-03	-7.989635e-03
5.491028236518253e-06	3.814697e-06	1.098633e-03	-6.863812e-03
5.492028236518252e-06	-7.591248e-04	7.324219e-04	-5.451110e-03
5.493028236518253e-06	-1.258850e-03	4.615784e-04	-4.082487e-03
5.494028236518253e-06	-1.560211e-03	2.708435e-04	-2.879234e-03
5.495028236518252e-06	-1.701355e-03	1.449585e-04	-1.863798e-03
5.496028236518253e-06	-1.712799e-03	6.866455e-05	-1.020039e-03
5.497028236518252e-06	-1.613617e-03	3.433228e-05	-3.168683e-04
5.498028236518253e-06	-1.426697e-03	3.051758e-05	2.677139e-04
5.499028236518253e-06	-1.167297e-03	4.959106e-05	7.423821e-04
5.500028236518253e-06	-8.621216e-04	8.392334e-05	1.106841e-03
5.501028236518253e-06	-5.340576e-04	1.335144e-04	1.353319e-03
5.502028236518252e-06	-2.136230e-04	1.831055e-04	1.471049e-03
5.503028236518253e-06	7.629395e-05	2.288818e-04	1.454261e-03
5.504028236518253e-06	3.051758e-04	2.708435e-04	1.310602e-03
5.505028236518253e-06	4.577637e-04	2.975464e-04	1.064974e-03
5.506028236518253e-06	5.416870e-04	3.128052e-04	7.573542e-04
5.507028236518252e-06	5.493164e-04	3.128052e-04	4.331588e-04
5.508028236518253e-06	5.111694e-04	2.975464e-04	1.335660e-04
5.509028236518252e-06	4.310608e-04	2.708435e-04	-1.126276e-04
5.510028236518253e-06	3.318787e-04	2.365112e-04	-2.913489e-04
5.511028236518253e-06	2.288818e-04	2.021790e-04	-4.007348e-04
5.512028236518252e-06	1.258850e-04	1.678467e-04	-4.468647e-04
5.513028236518253e-06	3.814697e-05	1.335144e-04	-4.411698e-04
5.514028236518252e-06	-3.051758e-05	1.029968e-04	-3.972963e-04
5.515028236518253e-06	-8.010864e-05	7.629395e-05	-3.284971e-04
5.516028236518253e-06	-1.106262e-04	6.103516e-05	-2.465977e-04
5.517028236518253e-06	-1.220703e-04	4.577637e-05	-1.613591e-04
5.518028236518253e-06	-1.220703e-04	3.814697e-05	-8.048146e-05
5.519028236518252e-06	-1.106262e-04	3.051758e-05	-9.538438e-06
5.520028236518253e-06	-8.392334e-05	3.051758e-05	4.777217e-05
5.521028236518253e-06	-5.722046e-05	3.051758e-05	8.953878e-05
5.522028236518253e-06	-2.670288e-05	3.051758e-05	1.153888e-04
5.523028236518253e-06	0.000000e+00	3.433228e-05	1.262802e-04
5.524028236518252e-06	2.288818e-05	3.433228e-05	1.242282e-04
5.525028236518253e-06	4.577637e-05	3.814697e-05	1.119543e-04
5.526028236518253e-06	5.722046e-05	3.814697e-05	9.260756e-05
5.526962123319941e-06	6.484985e-05	3.814697e-05	7.084130e-05
5.527962123319941e-06	6.866455e-05	3.814697e-05	4.639121e-05
5.528962123319940e-06	6.866455e-05	3.814697e-05	2.313355e-05
5.529962123319941e-06	6.484985e-05	3.433228e-05	2.880519e-06
5.530962123319940e-06	5.722046e-05	3.051758e-05	-1.321418e-05
5.531962123319941e-06	5.340576e-05	2.670288e-05	-2.460633e-05
5.532962123319941e-06	4.196167e-05	2.288818e-05	-3.130489e-05
5.533962123319941e-06	3.433228e-05	2.288818e-05	-3.372580e-05
5.534962123319941e-06	3.051758e-05	1.907349e-05	-3.258310e-05
5.535962123319940e-06	2.288818e-05	1.525879e-05	-2.874289e-05
5.536962123319941e-06	1.907349e-05	1.144409e-05	-2.312459e-05
5.537962123319941e-06	1.907349e-05	7.629395e-06	-1.659984e-05
5.538962123319941e-06	2.288818e-05	7.629395e-06	-9.935882e-06
5.539962123319941e-06	1.907349e-05	7.629395e-06	-3.744413e-06
5.540962123319940e-06	2.288818e-05	7.629395e-06	1.528681e-06
5.541962123319941e-06	2.288818e-05	7.629395e-06	5.616352e-06
5.542962123319940e-06	2.670288e-05	7.629395e-06	8.404157e-06
5.543962123319941e-06	3.051758e-05	7.629395e-06	9.921641e-06
5.544962123319941e-06	3.051758e-05	7.629395e-06	1.029507e-05
5.545962123319940e-06	3.051758e-05	7.629395e-06	9.732757e-06
5.546962123319941e-06	3.433228e-05	7.629395e-06	8.472631e-06
5.547962123319940e-06	3.051758e-05	7.629395e-06	6.773362e-06
5.548962123319941e-06	3.433228e-05	7.629395e-06	4.868898e-06
5.549962123319941e-06	3.433228e-05	7.629395e-06	2.971587e-06
5.550962123319941e-06	3.814697e-05	7.629395e-06	1.239619e-06
5.551962123319941e-06	3.433228e-05	3.814697e-06	-2.075612e-07
5.552962123319940e-06	3.433228e-05	3.814697e-06	-1.309125e-06
5.553962123319941e-06	3.433228e-05	3.814697e-06	-2.038938e-06
5.554962123319941e-06	3.051758e-05	3.814697e-06	-2.416871e-06
5.555962123319941e-06	3.051758e-05	3.814697e-06	-2.481560e-06
5.556962123319941e-06	3.051758e-05	3.814697e-06	-2.298339e-06
5.557962123319940e-06	3.051758e-05	0.000000e+00	-1.932993e-06
5.558962123319941e-06	3.433228e-05	0.000000e+00	-1.460496e-06
5.559962123319940e-06	3.051758e-05	0.000000e+00	-9.421656e-07
5.560962123319941e-06	3.051758e-05	0.000000e+00	-4.374124e-07
5.561962123319941e-06	3.051758e-05	0.000000e+00	1.518129e-08
5.562962123319941e-06	2.670288e-05	0.000000e+00	3.827317e-07
5.563962123319941e-06	3.051758e-05	0.000000e+00	6.538176e-07
5.564962123319940e-06	3.051758e-05	0.000000e+00	8.208444e-07
5.565962123319941e-06	3.433228e-05	0.000000e+00	8.940297e-07
5.566962123319941e-06	3.433228e-05	0.000000e+00	8.826246e-07
5.567962123319941e-06	3.814697e-05	0.000000e+00	8.084298e-07
5.568962123319941e-06	3.433228e-05	0.000000e+00	6.871578e-07
5.569962123319940e-06	3.051758e-05	0.000000e+00	5.423681e-07
5.570962123319941e-06	3.051758e-05	0.000000e+00	3.877976e-07
5.571962123319941e-06	3.433228e-05	0.000000e+00	2.420802e-07
5.572962123319941e-06	3.433228e-05	0.000000e+00	1.123353e-07
5.573962123319941e-06	3.051758e-05	0.000000e+00	9.589712e-09
5.574962123319941e-06	3.051758e-05	0.000000e+00	-6.650407e-08
5.575962123319941e-06	3.051758e-05	0.000000e+00	-1.118788e-07
5.576962123319941e-06	3.433228e-05	0.000000e+00	-1.325825e-07
5.577962123319941e-06	3.433228e-05	0.000000e+00	-1.290027e-07
5.578962123319941e-06	3.433228e-05	0.000000e+00	-1.100198e-07
5.579962123319941e-06	3.433228e-05	0.000000e+00	-7.756535e-08
5.580962123319941e-06	3.433228e-05	0.000000e+00	-4.069261e-08
5.581962123319940e-06	3.433228e-05	0.000000e+00	-6.057235e-10
5.582962123319941e-06	3.051758e-05	0.000000e+00	3.520836e-08
5.583962123319941e-06	3.051758e-05	0.000000e+00	6.744631e-08
5.584962123319941e-06	3.433228e-05	0.000000e+00	9.079668e-08
5.585962123319941e-06	3.433228e-05	0.000000e+00	1.079952e-07
5.586962123319940e-06	3.051758e-05	0.000000e+00	1.156477e-07
5.587962123319941e-06	3.051758e-05	0.000000e+00	1.179797e-07
5.588962123319941e-06	3.051758e-05	0.000000e+00	1.127810e-07
5.589962123319941e-06	3.051758e-05	0.000000e+00	1.049448e-07
5.590962123319941e-06	3.433228e-05	0.000000e+00	9.263931e-08
5.591962123319941e-06	3.433228e-05	0.000000e+00	8.070674e-08
5.592962123319941e-06	3.433228e-05	0.000000e+00	6.709342e-08
5.593962123319941e-06	3.433228e-05	0.000000e+00	5.613583e-08
5.594962123319941e-06	3.051758e-05	0.000000e+00	4.527101e-08
5.595962123319941e-06	3.051758e-05	0.000000e+00	3.818423e-08
5.596962123319941e-06	3.433228e-05	0.000000e+00	3.178502e-08
5.597962123319941e-06	3.433228e-05	0.000000e+00	2.921297e-08
5.598962123319940e-06	3.433228e-05	0.000000e+00	2.702109e-08
5.599962123319941e-06	3.433228e-05	0.000000e+00	2.800698e-08
5.600962123319941e-06	3.051758e-05	0.000000e+00	2.860179e-08
5.601962123319941e-06	3.051758e-05	0.000000e+00	3.148489e-08
5.602962123319941e-06	3.433228e-05	0.000000e+00	3.314926e-08
5.603962123319941e-06	3.433228e-05	0.000000e+00	3.632522e-08
5.604962123319941e-06	3.433228e-05	0.000000e+00	3.769128e-08
5.605962123319941e-06	3.433228e-05	0.000000e+00	4.008689e-08
5.606962123319941e-06	3.433228e-05	0.000000e+00	4.040157e-08
5.607962123319941e-06	3.433228e-05	0.000000e+00	4.159483e-08
5.608962123319941e-06	3.051758e-05	0.000000e+00	4.073445e-08
5.609962123319941e-06	3.051758e-05	0.000000e+00	4.084177e-08
5.610962123319941e-06	3.433228e-05	0.000000e+00	3.910100e-08
5.611962123319941e-06	3.433228e-05	0.000000e+00	3.853165e-08
5.612962123319941e-06	3.433228e-05	0.000000e+00	3.637615e-08
5.613962123319941e-06	3.433228e-05	0.000000e+00	3.559944e-08
5.614962123319941e-06	3.433228e-05	0.000000e+00	3.345849e-08
5.615962123319940e-06	3.433228e-05	0.000000e+00	3.283822e-08
5.616962123319941e-06	3.051758e-05	0.000000e+00	3.098830e-08
5.617962123319941e-06	3.051758e-05	0.000000e+00	3.070454e-08
5.618962123319941e-06	3.433228e-05	0.000000e+00	2.923844e-08
5.619962123319941e-06	3.433228e-05	0.000000e+00	2.930938e-08
5.620962123319941e-06	3.433228e-05	0.000000e+00	2.817796e-08
5.621962123319941e-06	3.433228e-05	0.000000e+00	2.850538e-08
5.622962123319941e-06	3.433228e-05	0.000000e+00	2.758497e-08
5.623962123319941e-06	3.433228e-05	0.000000e+00	2.803790e-08
5.624962123319941e-06	3.051758e-05	0.000000e+00	2.719935e-08
5.625962123319941e-06	3.051758e-05	0.000000e+00	2.765591e-08
5.626962123319941e-06	3.433228e-05	0.000000e+00	2.679371e-08
5.627962123319941e-06	3.433228e-05	0.000000e+00	2.718116e-08
5.628962123319941e-06	3.433228e-05	0.000000e+00	2.625529e-08
5.629962123319941e-06	3.433228e-05	0.000000e+00	2.655179e-08
5.630962123319941e-06	3.433228e-05	0.000000e+00	2.555498e-08
5.631962123319941e-06	3.433228e-05	0.000000e+00	2.577508e-08
5.632962123319941e-06	3.051758e-05	0.000000e+00	2.473644e-08
5.633962123319941e-06	3.051758e-05	0.000000e+00	2.491288e-08
5.634962123319941e-06	3.433228e-05	0.000000e+00	2.386878e-08
5.635962123319941e-06	3.433228e-05	0.000000e+00	2.404158e-08
5.636962123319941e-06	3.433228e-05	0.000000e+00	2.302477e-08
5.637962123319941e-06	3.433228e-05	0.000000e+00	2.321576e-08
5.638962123319941e-06	3.433228e-05	0.000000e+00	2.224078e-08
5.639962123319941e-06	3.433228e-05	0.000000e+00	2.245906e-08
5.640962123319941e-06	3.051758e-05	0.000000e+00	2.153138e-08
5.641962123319941e-06	3.051758e-05	0.000000e+00	2.178058e-08
5.642962123319941e-06	3.051758e-05	0.000000e+00	2.089655e-08
5.643962123319941e-06	3.051758e-05	0.000000e+00	2.116394e-08
5.644962123319941e-06	3.433228e-05	0.000000e+00	2.030720e-08
5.645962123319941e-06	3.433228e-05	0.000000e+00	2.058187e-08
5.646962123319941e-06	3.433228e-05	0.000000e+00	1.974695e-08
5.647962123319941e-06	3.433228e-05	0.000000e+00	2.002344e-08
5.648962123319941e-06	3.433228e-05	0.000000e+00	1.920125e-08
5.649962123319941e-06	3.433228e-05	0.000000e+00	1.947046e-08
5.650962123319941e-06	3.051758e-05	0.000000e+00	1.865737e-08
5.651962123319941e-06	3.051758e-05	0.000000e+00	1.891931e-08
5.652962123319941e-06	3.051758e-05	0.000000e+00	1.811350e-08
5.653962123319941e-06	3.051758e-05	0.000000e+00	1.836997e-08
5.654962123319941e-06	3.433228e-05	0.000000e+00	1.757871e-08
5.655962123319941e-06	3.433228e-05	0.000000e+00	1.783519e-08
5.656962123319941e-06	3.433228e-05	0.000000e+00	1.705666e-08
5.657962123319941e-06	3.433228e-05	0.000000e+00	1.731132e-08
5.658962123319941e-06	3.433228e-05	0.000000e+00	1.655098e-08
5.659962123319941e-06	3.433228e-05	0.000000e+00	1.680746e-08
5.660962123319941e-06	3.051758e-05	0.000000e+00	1.606168e-08
5.661962123319941e-06	3.051758e-05	0.000000e+00	1.631997e-08
5.662962123319941e-06	3.051758e-05	0.000000e+00	1.559056e-08
5.663962123319941e-06	3.051758e-05	0.000000e+00	1.585067e-08
5.664962123319941e-06	3.433228e-05	0.000000e+00	1.513763e-08
5.665962123319941e-06	3.433228e-05	0.000000e+00	1.539956e-08
5.666962123319941e-06	3.433228e-05	0.000000e+00	1.470289e-08
5.667962123319941e-06	3.433228e-05	0.000000e+00	1.496301e-08
5.668962123319941e-06	3.433228e-05	0.000000e+00	1.427725e-08
5.669962123319941e-06	3.433228e-05	0.000000e+00	1.453736e-08
5.670962123319941e-06	3.433228e-05	0.000000e+00	1.386434e-08
5.671962123319941e-06	3.433228e-05	0.000000e+00	1.412263e-08
5.672962123319941e-06	3.051758e-05	0.000000e+00	1.346416e-08
5.673962123319941e-06	3.051758e-05	0.000000e+00	1.372246e-08
5.674962123319941e-06	3.051758e-05	0.000000e+00	1.307490e-08
5.675962123319941e-06	3.051758e-05	0.000000e+00	1.333137e-08
5.676962123319941e-06	3.433228e-05	0.000000e+00	1.269473e-08
5.677962123319941e-06	3.433228e-05	0.000000e+00	1.294939e-08
5.678962123319941e-06	3.433228e-05	0.000000e+00	1.232729e-08
5.679962123319941e-06	3.433228e-05	0.000000e+00	1.258195e-08
5.680962123319941e-06	3.433228e-05	0.000000e+00	1.196895e-08
5.681962123319941e-06	3.433228e-05	0.000000e+00	1.222179e-08
5.682962123319941e-06	3.051758e-05	0.000000e+00	1.162152e-08
5.683962123319941e-06	3.051758e-05	0.000000e+00	1.187436e-08
5.684962123319941e-06	3.051758e-05	0.000000e+00	1.128683e-08
5.685962123319941e-06	3.051758e-05	0.000000e+00	1.153785e-08
5.686962123319941e-06	3.051758e-05	0.000000e+00	1.096123e-08
5.687962123319941e-06	3.051758e-05	0.000000e+00	1.121225e-08
5.688962123319941e-06	3.433228e-05	0.000000e+00	1.064473e-08
5.689962123319941e-06	3.433228e-05	0.000000e+00	1.089211e-08
5.690962123319941e-06	3.433228e-05	0.000000e+00	1.033550e-08
5.691962123319941e-06	3.433228e-05	0.000000e+00	1.058288e-08
5.692962123319941e-06	3.433228e-05	0.000000e+00	1.003718e-08
5.693962123319941e-06	3.433228e-05	0.000000e+00	1.028457e-08
5.694962123319941e-06	3.433228e-05	0.000000e+00	9.749783e-09
5.695962123319941e-06	3.433228e-05	0.000000e+00	9.993528e-09
5.696962123319941e-06	3.051758e-05	0.000000e+00	9.467840e-09
5.697962123319941e-06	3.051758e-05	0.000000e+00	9.709765e-09
5.698962123319941e-06	3.051758e-05	0.000000e+00	9.193172e-09
5.699962123319941e-06	3.051758e-05	0.000000e+00	9.435098e-09
5.700962123319941e-06	3.433228e-05	0.000000e+00	8.927600e-09
5.701962123319941e-06	3.433228e-05	0.000000e+00	9.167707e-09
5.702962123319941e-06	3.433228e-05	0.000000e+00	8.672941e-09
5.703962123319941e-06	3.433228e-05	0.000000e+00	8.911229e-09
5.704962123319941e-06	3.433228e-05	0.000000e+00	8.421921e-09
5.705962123319941e-06	3.433228e-05	0.000000e+00	8.658390e-09
5.706962123319941e-06	3.433228e-05	0.000000e+00	8.178176e-09
5.707962123319941e-06	3.433228e-05	0.000000e+00	8.412826e-09
5.708962123319941e-06	3.433228e-05	0.000000e+00	7.943527e-09
5.709962123319941e-06	3.433228e-05	0.000000e+00	8.176357e-09
5.710962123319941e-06	3.051758e-05	0.000000e+00	7.712515e-09
5.711962123319941e-06	3.051758e-05	0.000000e+00	7.943527e-09
5.712962123319941e-06	3.051758e-05	0.000000e+00	7.490598e-09
5.713962123319941e-06	3.051758e-05	0.000000e+00	7.719791e-09
5.714962123319941e-06	3.433228e-05	0.000000e+00	7.274139e-09
5.715962123319941e-06	3.433228e-05	0.000000e+00	7.503331e-09
5.716962123319941e-06	3.433228e-05	0.000000e+00	7.066774e-09
5.717962123319941e-06	3.433228e-05	0.000000e+00	7.292329e-09
5.718962123319941e-06	3.433228e-05	0.000000e+00	6.863047e-09
5.719962123319942e-06	3.433228e-05	0.000000e+00	7.088602e-09
5.720962123319941e-06	3.433228e-05	0.000000e+00	6.668415e-09
5.721962123319941e-06	3.433228e-05	0.000000e+00	6.890332e-09
5.722962123319941e-06	3.433228e-05	0.000000e+00	6.473783e-09
5.723962123319941e-06	3.433228e-05	0.000000e+00	6.693881e-09
5.724962123319941e-06	3.051758e-05	0.000000e+00	6.288246e-09
5.725962123319941e-06	3.051758e-05	0.000000e+00	6.508344e-09
5.726962123319941e-06	3.051758e-05	0.000000e+00	6.109985e-09
5.727962123319941e-06	3.051758e-05	0.000000e+00	6.326445e-09
5.728962123319941e-06	3.051758e-05	0.000000e+00	5.933543e-09
5.729962123319941e-06	3.051758e-05	0.000000e+00	6.148184e-09
5.730962123319941e-06	3.433228e-05	0.000000e+00	5.760739e-09
5.731962123319942e-06	3.433228e-05	0.000000e+00	5.973561e-09
5.732962123319941e-06	3.433228e-05	0.000000e+00	5.597030e-09
5.733962123319941e-06	3.433228e-05	0.000000e+00	5.808033e-09
5.734962123319941e-06	3.433228e-05	0.000000e+00	5.435140e-09
5.735962123319941e-06	3.433228e-05	0.000000e+00	5.646143e-09
5.736962123319942e-06	3.433228e-05	0.000000e+00	5.282345e-09
5.737962123319941e-06	3.433228e-05	0.000000e+00	5.489710e-09
5.738962123319941e-06	3.433228e-05	0.000000e+00	5.129550e-09
5.739962123319941e-06	3.433228e-05	0.000000e+00	5.333277e-09
5.740962123319941e-06	3.051758e-05	0.000000e+00	4.980393e-09
5.741962123319941e-06	3.051758e-05	0.000000e+00	5.184120e-09
5.742962123319941e-06	3.051758e-05	0.000000e+00	4.838512e-09
5.743962123319941e-06	3.051758e-05	0.000000e+00	5.042239e-09
5.744962123319941e-06	3.051758e-05	0.000000e+00	4.702088e-09
5.745962123319941e-06	3.051758e-05	0.000000e+00	4.900357e-09
5.746962123319941e-06	3.051758e-05	0.000000e+00	4.565663e-09
5.747962123319941e-06	3.051758e-05	0.000000e+00	4.763933e-09
5.748962123319942e-06	3.433228e-05	0.000000e+00	4.434696e-09
5.749962123319941e-06	3.433228e-05	0.000000e+00	4.629328e-09
5.750962123319941e-06	3.433228e-05	0.000000e+00	4.305548e-09
5.751962123319941e-06	3.433228e-05	0.000000e+00	4.500180e-09
5.752962123319941e-06	3.433228e-05	0.000000e+00	4.183676e-09
5.753962123319942e-06	3.433228e-05	0.000000e+00	4.374670e-09
5.754962123319941e-06	3.433228e-05	0.000000e+00	4.063622e-09
5.755962123319941e-06	3.433228e-05	0.000000e+00	4.256435e-09
5.756962123319941e-06	3.433228e-05	0.000000e+00	3.950845e-09
5.757962123319941e-06	3.433228e-05	0.000000e+00	4.138201e-09
5.758962123319941e-06	3.051758e-05	0.000000e+00	3.836249e-09
5.759962123319941e-06	3.051758e-05	0.000000e+00	4.021786e-09
5.760962123319942e-06	3.051758e-05	0.000000e+00	3.725290e-09
5.761962123319941e-06	3.051758e-05	0.000000e+00	3.910827e-09
5.762962123319941e-06	3.051758e-05	0.000000e+00	3.621608e-09
5.763962123319941e-06	3.051758e-05	0.000000e+00	3.803507e-09
5.764962123319941e-06	3.051758e-05	0.000000e+00	3.516107e-09
5.765962123319942e-06	3.051758e-05	0.000000e+00	3.696186e-09
5.766962123319941e-06	3.433228e-05	0.000000e+00	3.416062e-09
5.767962123319941e-06	3.433228e-05	0.000000e+00	3.596142e-09
5.768962123319941e-06	3.433228e-05	0.000000e+00	3.319656e-09
5.769962123319941e-06	3.433228e-05	0.000000e+00	3.496098e-09
5.770962123319942e-06	3.433228e-05	0.000000e+00	3.225068e-09
5.771962123319941e-06	3.433228e-05	0.000000e+00	3.399691e-09
5.772962123319941e-06	3.433228e-05	0.000000e+00	3.132300e-09
5.773962123319941e-06	3.433228e-05	0.000000e+00	3.305104e-09
5.774962123319941e-06	3.433228e-05	0.000000e+00	3.043169e-09
5.775962123319941e-06	3.433228e-05	0.000000e+00	3.214154e-09
5.776962123319941e-06	3.433228e-05	0.000000e+00	2.955858e-09
5.777962123319942e-06	3.433228e-05	0.000000e+00	3.126843e-09
5.778962123319941e-06	3.433228e-05	0.000000e+00	2.874003e-09
5.779962123319941e-06	3.433228e-05	0.000000e+00	3.039531e-09
5.780962123319941e-06	3.051758e-05	0.000000e+00	2.790330e-09
5.781962123319941e-06	3.051758e-05	0.000000e+00	2.957677e-09
5.782962123319942e-06	3.051758e-05	0.000000e+00	2.712113e-09
5.783962123319941e-06	3.051758e-05	0.000000e+00	2.875822e-09
5.784962123319941e-06	3.051758e-05	0.000000e+00	2.635716e-09
5.785962123319941e-06	3.051758e-05	0.000000e+00	2.797606e-09
5.786962123319941e-06	3.051758e-05	0.000000e+00	2.559318e-09
5.787962123319942e-06	3.051758e-05	0.000000e+00	2.719389e-09
5.788962123319941e-06	3.433228e-05	0.000000e+00	2.488378e-09
5.789962123319942e-06	3.433228e-05	0.000000e+00	2.648449e-09
5.790962123319941e-06	3.433228e-05	0.000000e+00	2.419256e-09
5.791962123319941e-06	3.433228e-05	0.000000e+00	2.573870e-09
5.792962123319941e-06	3.433228e-05	0.000000e+00	2.348315e-09
5.793962123319941e-06	3.433228e-05	0.000000e+00	2.504748e-09
5.794962123319942e-06	3.433228e-05	0.000000e+00	2.282832e-09
5.795962123319941e-06	3.433228e-05	0.000000e+00	2.435627e-09
5.796962123319941e-06	3.433228e-05	0.000000e+00	2.217348e-09
5.797962123319941e-06	3.433228e-05	0.000000e+00	2.368324e-09
5.798962123319941e-06	3.433228e-05	0.000000e+00	2.155502e-09
5.799962123319942e-06	3.433228e-05	0.000000e+00	2.306479e-09
5.800962123319941e-06	3.433228e-05	0.000000e+00	2.095476e-09
5.801962123319941e-06	3.433228e-05	0.000000e+00	2.240995e-09
5.802962123319941e-06	3.051758e-05	0.000000e+00	2.033630e-09
5.803962123319941e-06	3.051758e-05	0.000000e+00	2.182787e-09
5.804962123319942e-06	3.051758e-05	0.000000e+00	1.979060e-09
5.805962123319941e-06	3.051758e-05	0.000000e+00	2.120942e-09
5.806962123319942e-06	3.051758e-05	0.000000e+00	1.920853e-09
5.807962123319941e-06	3.051758e-05	0.000000e+00	2.066372e-09
5.808962123319941e-06	3.051758e-05	0.000000e+00	1.869921e-09
5.809962123319941e-06	3.051758e-05	0.000000e+00	2.009983e-09
5.810962123319941e-06	3.051758e-05	0.000000e+00	1.815351e-09
5.811962123319942e-06	3.051758e-05	0.000000e+00	1.955414e-09
5.812962123319941e-06	3.433228e-05	0.000000e+00	1.764420e-09
5.813962123319941e-06	3.433228e-05	0.000000e+00	1.900844e-09
5.814962123319941e-06	3.433228e-05	0.000000e+00	1.713488e-09
5.815962123319941e-06	3.433228e-05	0.000000e+00	1.851731e-09
5.816962123319942e-06	3.433228e-05	0.000000e+00	1.668013e-09
5.817962123319941e-06	3.433228e-05	0.000000e+00	1.800800e-09
5.818962123319942e-06	3.433228e-05	0.000000e+00	1.618901e-09
5.819962123319941e-06	3.433228e-05	0.000000e+00	1.753506e-09
5.820962123319941e-06	3.433228e-05	0.000000e+00	1.575245e-09
5.821962123319942e-06	3.433228e-05	0.000000e+00	1.706212e-09
5.822962123319941e-06	3.433228e-05	0.000000e+00	1.529770e-09
5.823962123319942e-06	3.433228e-05	0.000000e+00	1.660737e-09
5.824962123319941e-06	3.433228e-05	0.000000e+00	1.489752e-09
5.825962123319941e-06	3.433228e-05	0.000000e+00	1.617082e-09
5.826962123319941e-06	3.433228e-05	0.000000e+00	1.446097e-09
5.827962123319941e-06	3.433228e-05	0.000000e+00	1.573426e-09
5.828962123319942e-06	3.051758e-05	0.000000e+00	1.406079e-09
5.829962123319941e-06	3.051758e-05	0.000000e+00	1.531589e-09
5.830962123319942e-06	3.051758e-05	0.000000e+00	1.367880e-09
5.831962123319941e-06	3.051758e-05	0.000000e+00	1.491571e-09
5.832962123319941e-06	3.051758e-05	0.000000e+00	1.327862e-09
5.833962123319942e-06	3.051758e-05	0.000000e+00	1.449735e-09
5.834962123319941e-06	3.051758e-05	0.000000e+00	1.291482e-09
5.835962123319942e-06	3.051758e-05	0.000000e+00	1.411536e-09
5.836962123319941e-06	3.051758e-05	0.000000e+00	1.255103e-09
5.837962123319941e-06	3.051758e-05	0.000000e+00	1.375156e-09
5.838962123319942e-06	3.433228e-05	0.000000e+00	1.220542e-09
5.839962123319941e-06	3.433228e-05	0.000000e+00	1.338776e-09
5.840962123319942e-06	3.433228e-05	0.000000e+00	1.187800e-09
5.841962123319941e-06	3.433228e-05	0.000000e+00	1.304215e-09
5.842962123319941e-06	3.433228e-05	0.000000e+00	1.153239e-09
5.843962123319942e-06	3.433228e-05	0.000000e+00	1.266017e-09
5.844962123319941e-06	3.433228e-05	0.000000e+00	1.118678e-09
5.845962123319942e-06	3.814697e-05	0.000000e+00	1.233275e-09
5.846962123319941e-06	3.814697e-05	0.000000e+00	1.089575e-09
5.847962123319942e-06	3.433228e-05	0.000000e+00	1.202352e-09
5.848962123319941e-06	3.433228e-05	0.000000e+00	1.060471e-09
5.849962123319941e-06	3.433228e-05	0.000000e+00	1.171429e-09
5.850962123319942e-06	3.433228e-05	0.000000e+00	1.031367e-09
5.851962123319941e-06	3.433228e-05	0.000000e+00	1.140506e-09
5.852962123319942e-06	3.433228e-05	0.000000e+00	1.002263e-09
5.853962123319941e-06	3.433228e-05	0.000000e+00	1.109584e-09
5.854962123319941e-06	3.433228e-05	0.000000e+00	9.731593e-10
5.855962123319942e-06	3.433228e-05	0.000000e+00	1.080480e-09
5.856962123319941e-06	3.433228e-05	0.000000e+00	9.495125e-10
5.857962123319942e-06	3.433228e-05	0.000000e+00	1.055014e-09
5.858962123319941e-06	3.051758e-05	0.000000e+00	9.222276e-10
5.859962123319942e-06	3.051758e-05	0.000000e+00	1.025910e-09
5.860962123319942e-06	3.051758e-05	0.000000e+00	8.949428e-10
5.861962123319941e-06	3.051758e-05	0.000000e+00	9.968062e-10
5.862962123319942e-06	3.051758e-05	0.000000e+00	8.712959e-10
5.863962123319941e-06	3.051758e-05	0.000000e+00	9.749783e-10
5.864962123319942e-06	3.051758e-05	0.000000e+00	8.494681e-10
5.865962123319941e-06	3.051758e-05	0.000000e+00	9.476935e-10
5.866962123319941e-06	3.051758e-05	0.000000e+00	8.240022e-10
5.867962123319942e-06	3.051758e-05	0.000000e+00	9.222276e-10
5.868962123319941e-06	3.051758e-05	0.000000e+00	8.003553e-10
5.869962123319942e-06	3.051758e-05	0.000000e+00	8.985808e-10
5.870962123319941e-06	3.433228e-05	0.000000e+00	7.785275e-10
5.871962123319941e-06	3.433228e-05	0.000000e+00	8.749339e-10
5.872962123319942e-06	3.433228e-05	0.000000e+00	7.585186e-10
5.873962123319941e-06	3.814697e-05	0.000000e+00	8.549250e-10
5.874962123319942e-06	3.814697e-05	0.000000e+00	7.403287e-10
5.875962123319941e-06	3.433228e-05	0.000000e+00	8.349161e-10
5.876962123319942e-06	3.433228e-05	0.000000e+00	7.203198e-10
5.877962123319942e-06	3.433228e-05	0.000000e+00	8.112693e-10
5.878962123319941e-06	3.433228e-05	0.000000e+00	6.984919e-10
5.879962123319942e-06	3.433228e-05	0.000000e+00	7.912604e-10
5.880962123319941e-06	3.433228e-05	0.000000e+00	6.803020e-10
5.881962123319942e-06	3.433228e-05	0.000000e+00	7.694325e-10
5.882962123319941e-06	3.433228e-05	0.000000e+00	6.602932e-10
5.883962123319941e-06	3.433228e-05	0.000000e+00	7.494236e-10
5.884962123319942e-06	3.433228e-05	0.000000e+00	6.421033e-10
5.885962123319941e-06	3.433228e-05	0.000000e+00	7.312337e-10
5.886962123319942e-06	3.433228e-05	0.000000e+00	6.275513e-10
5.887962123319941e-06	3.433228e-05	0.000000e+00	7.148628e-10
5.888962123319942e-06	3.433228e-05	0.000000e+00	6.111804e-10
5.889962123319942e-06	3.433228e-05	0.000000e+00	6.966729e-10
5.890962123319941e-06	3.433228e-05	0.000000e+00	5.929905e-10
5.891962123319942e-06	3.433228e-05	0.000000e+00	6.784830e-10
5.892962123319941e-06	3.051758e-05	0.000000e+00	5.784386e-10
5.893962123319942e-06	3.051758e-05	0.000000e+00	6.602932e-10
5.894962123319942e-06	3.051758e-05	0.000000e+00	5.602487e-10
5.895962123319941e-06	3.051758e-05	0.000000e+00	6.439222e-10
5.896962123319942e-06	3.051758e-05	0.000000e+00	5.475158e-10
5.897962123319941e-06	3.051758e-05	0.000000e+00	6.293703e-10
5.898962123319942e-06	3.051758e-05	0.000000e+00	5.329639e-10
5.899962123319941e-06	3.051758e-05	0.000000e+00	6.129994e-10
5.900962123319941e-06	3.051758e-05	0.000000e+00	5.184120e-10
5.901962123319942e-06	3.051758e-05	0.000000e+00	5.984475e-10
5.902962123319941e-06	3.051758e-05	0.000000e+00	5.056791e-10
5.903962123319942e-06	3.051758e-05	0.000000e+00	5.838956e-10
5.904962123319941e-06	3.051758e-05	0.000000e+00	4.929461e-10
5.905962123319942e-06	3.433228e-05	0.000000e+00	5.711627e-10
5.906962123319942e-06	3.814697e-05	0.000000e+00	4.802132e-10
5.907962123319941e-06	3.433228e-05	0.000000e+00	5.547918e-10
5.908962123319942e-06	3.433228e-05	0.000000e+00	4.638423e-10
5.909962123319941e-06	3.433228e-05	0.000000e+00	5.402399e-10
5.910962123319942e-06	3.433228e-05	0.000000e+00	4.547474e-10
5.911962123319942e-06	3.433228e-05	0.000000e+00	5.293259e-10
5.912962123319941e-06	3.433228e-05	0.000000e+00	4.420144e-10
5.913962123319942e-06	3.433228e-05	0.000000e+00	5.147740e-10
5.914962123319941e-06	3.433228e-05	0.000000e+00	4.292815e-10
5.915962123319942e-06	3.433228e-05	0.000000e+00	5.020411e-10
5.916962123319941e-06	3.433228e-05	0.000000e+00	4.183676e-10
5.917962123319942e-06	3.433228e-05	0.000000e+00	4.893081e-10
5.918962123319942e-06	3.433228e-05	0.000000e+00	4.074536e-10
5.919962123319941e-06	3.433228e-05	0.000000e+00	4.783942e-10
5.920962123319942e-06	3.433228e-05	0.000000e+00	3.965397e-10
5.921962123319941e-06	3.433228e-05	0.000000e+00	4.656613e-10
5.922962123319942e-06	3.433228e-05	0.000000e+00	3.856258e-10
5.923962123319942e-06	3.433228e-05	0.000000e+00	4.547474e-10
5.924962123319941e-06	3.433228e-05	0.000000e+00	3.765308e-10
5.925962123319942e-06	3.433228e-05	0.000000e+00	4.456524e-10
5.926962123319941e-06	3.433228e-05	0.000000e+00	3.674359e-10
5.927962123319942e-06	3.433228e-05	0.000000e+00	4.329195e-10
5.928962123319942e-06	3.433228e-05	0.000000e+00	3.565219e-10
5.929962123319942e-06	3.433228e-05	0.000000e+00	4.238245e-10
5.930962123319942e-06	3.433228e-05	0.000000e+00	3.492460e-10
5.931962123319941e-06	3.433228e-05	0.000000e+00	4.129106e-10
5.932962123319942e-06	3.051758e-05	0.000000e+00	3.383320e-10
5.933962123319941e-06	3.051758e-05	0.000000e+00	4.038156e-10
5.934962123319942e-06	3.051758e-05	0.000000e+00	3.292371e-10
5.935962123319942e-06	3.051758e-05	0.000000e+00	3.929017e-10
5.936962123319941e-06	3.051758e-05	0.000000e+00	3.237801e-10
5.937962123319942e-06	3.051758e-05	0.000000e+00	3.874447e-10
5.938962123319941e-06	3.051758e-05	0.000000e+00	3.146852e-10
5.939962123319942e-06	3.051758e-05	0.000000e+00	3.747118e-10
5.940962123319942e-06	3.051758e-05	0.000000e+00	3.055902e-10
5.941962123319941e-06	3.433228e-05	0.000000e+00	3.674359e-10
5.942962123319942e-06	3.433228e-05	0.000000e+00	2.983143e-10
5.943962123319941e-06	3.433228e-05	0.000000e+00	3.601599e-10
5.944962123319942e-06	3.433228e-05	0.000000e+00	2.928573e-10
5.945962123319942e-06	3.051758e-05	0.000000e+00	3.510650e-10
5.946962123319942e-06	3.051758e-05	0.000000e+00	2.837623e-10
5.947962123319942e-06	3.051758e-05	0.000000e+00	3.419700e-10
5.948962123319941e-06	3.433228e-05	0.000000e+00	2.764864e-10
5.949962123319942e-06	3.433228e-05	0.000000e+00	3.346941e-10
5.950962123319941e-06	3.433228e-05	0.000000e+00	2.692104e-10
5.951962123319942e-06	3.433228e-05	0.000000e+00	3.274181e-10
5.952962123319942e-06	3.433228e-05	0.000000e+00	2.637535e-10
5.953962123319941e-06	3.433228e-05	0.000000e+00	3.183231e-10
5.954962123319942e-06	3.433228e-05	0.000000e+00	2.546585e-10
5.955962123319941e-06	3.433228e-05	0.000000e+00	3.110472e-10
5.956962123319942e-06	3.433228e-05	0.000000e+00	2.492015e-10
5.957962123319942e-06	3.433228e-05	0.000000e+00	3.037712e-10
5.958962123319942e-06	3.433228e-05	0.000000e+00	2.419256e-10
5.959962123319942e-06	3.433228e-05	0.000000e+00	2.964953e-10
5.960962123319941e-06	3.433228e-05	0.000000e+00	2.382876e-10
5.961962123319942e-06	3.433228e-05	0.000000e+00	2.928573e-10
5.962962123319942e-06	3.433228e-05	0.000000e+00	2.328306e-10
5.963962123319942e-06	3.433228e-05	0.000000e+00	2.855813e-10
5.964962123319942e-06	3.433228e-05	0.000000e+00	2.273737e-10
5.965962123319941e-06	3.433228e-05	0.000000e+00	2.783054e-10
5.966962123319942e-06	3.433228e-05	0.000000e+00	2.200977e-10
5.967962123319942e-06	3.433228e-05	0.000000e+00	2.728484e-10
5.968962123319942e-06	3.433228e-05	0.000000e+00	2.164597e-10
5.969962123319942e-06	3.433228e-05	0.000000e+00	2.655725e-10
5.970962123319941e-06	3.433228e-05	0.000000e+00	2.091838e-10
5.971962123319942e-06	3.433228e-05	0.000000e+00	2.601155e-10
5.972962123319941e-06	3.433228e-05	0.000000e+00	2.037268e-10
5.973962123319942e-06	3.433228e-05	0.000000e+00	2.528395e-10
5.974962123319942e-06	3.433228e-05	0.000000e+00	2.000888e-10
5.975962123319942e-06	3.433228e-05	0.000000e+00	2.492015e-10
5.976962123319942e-06	3.433228e-05	0.000000e+00	1.964509e-10
5.977962123319941e-06	3.433228e-05	0.000000e+00	2.455636e-10
5.978962123319942e-06	3.433228e-05	0.000000e+00	1.909939e-10
5.979962123319942e-06	3.433228e-05	0.000000e+00	2.364686e-10
5.980962123319942e-06	3.051758e-05	0.000000e+00	1.855369e-10
5.981962123319942e-06	3.051758e-05	0.000000e+00	2.346496e-10
5.982962123319941e-06	3.051758e-05	0.000000e+00	1.837179e-10
5.983962123319942e-06	3.051758e-05	0.000000e+00	2.291927e-10
5.984962123319942e-06	3.051758e-05	0.000000e+00	1.782610e-10
5.985962123319942e-06	3.433228e-05	0.000000e+00	2.237357e-10
5.986962123319942e-06	3.433228e-05	0.000000e+00	1.728040e-10
5.987962123319942e-06	3.051758e-05	0.000000e+00	2.182787e-10
5.988962123319942e-06	3.051758e-05	0.000000e+00	1.709850e-10
5.989962123319941e-06	3.051758e-05	0.000000e+00	2.146407e-10
5.990962123319942e-06	3.051758e-05	0.000000e+00	1.655280e-10
5.991962123319942e-06	3.051758e-05	0.000000e+00	2.110028e-10
5.992962123319942e-06	3.051758e-05	0.000000e+00	1.637090e-10
5.993962123319942e-06	3.051758e-05	0.000000e+00	2.055458e-10
5.994962123319941e-06	3.051758e-05	0.000000e+00	1.582521e-10
5.995962123319942e-06	3.051758e-05	0.000000e+00	2.019078e-10
5.996962123319942e-06	3.051758e-05	0.000000e+00	1.564331e-10
5.997962123319942e-06	3.051758e-05	0.000000e+00	1.982698e-10
5.998962123319942e-06	3.433228e-05	0.000000e+00	1.509761e-10
5.999962123319941e-06	3.433228e-05	0.000000e+00	1.928129e-10
6.000962123319942e-06	3.433228e-05	0.000000e+00	1.491571e-10
6.001962123319942e-06	3.433228e-05	0.000000e+00	1.909939e-10
6.002962123319942e-06	3.433228e-05	0.000000e+00	1.473381e-10
6.003962123319942e-06	3.433228e-05	0.000000e+00	1.873559e-10
6.004962123319942e-06	3.433228e-05	0.000000e+00	1.418812e-10
6.005962123319942e-06	3.433228e-05	0.000000e+00	1.818989e-10
6.006962123319941e-06	3.433228e-05	0.000000e+00	1.400622e-10
6.007962123319942e-06	3.433228e-05	0.000000e+00	1.800800e-10
6.008962123319942e-06	3.433228e-05	0.000000e+00	1.364242e-10
6.009962123319942e-06	3.433228e-05	0.000000e+00	1.728040e-10
6.010962123319942e-06	3.433228e-05	0.000000e+00	1.309672e-10
6.011962123319941e-06	3.433228e-05	0.000000e+00	1.709850e-10
6.012962123319942e-06	3.433228e-05	0.000000e+00	1.291482e-10
6.013962123319942e-06	3.433228e-05	0.000000e+00	1.673470e-10
6.014962123319942e-06	3.433228e-05	0.000000e+00	1.273293e-10
6.015962123319942e-06	3.433228e-05	0.000000e+00	1.637090e-10
6.016962123319942e-06	3.433228e-05	0.000000e+00	1.218723e-10
6.017962123319942e-06	3.433228e-05	0.000000e+00	1.582521e-10
6.018962123319942e-06	3.433228e-05	0.000000e+00	1.200533e-10
6.019962123319942e-06	3.433228e-05	0.000000e+00	1.582521e-10
6.020962123319942e-06	3.433228e-05	0.000000e+00	1.182343e-10
6.021962123319942e-06	3.433228e-05	0.000000e+00	1.527951e-10
6.022962123319942e-06	3.433228e-05	0.000000e+00	1.145963e-10
6.023962123319941e-06	3.433228e-05	0.000000e+00	1.509761e-10
6.024962123319942e-06	3.433228e-05	0.000000e+00	1.145963e-10
6.025962123319942e-06	3.433228e-05	0.000000e+00	1.509761e-10
6.026962123319942e-06	3.433228e-05	0.000000e+00	1.127773e-10
6.027962123319942e-06	3.433228e-05	0.000000e+00	1.455192e-10
6.028962123319941e-06	3.433228e-05	0.000000e+00	1.073204e-10
6.029962123319942e-06	3.433228e-05	0.000000e+00	1.418812e-10
6.030962123319942e-06	3.433228e-05	0.000000e+00	1.073204e-10
6.031962123319942e-06	3.433228e-05	0.000000e+00	1.418812e-10
6.032962123319942e-06	3.433228e-05	0.000000e+00	1.055014e-10
6.033962123319942e-06	3.814697e-05	0.000000e+00	1.382432e-10
6.034962123319942e-06	3.814697e-05	0.000000e+00	1.018634e-10
6.035962123319942e-06	3.814697e-05	0.000000e+00	1.346052e-10
6.036962123319942e-06	3.433228e-05	0.000000e+00	1.000444e-10
6.037962123319942e-06	3.051758e-05	0.000000e+00	1.327862e-10
6.038962123319942e-06	3.051758e-05	0.000000e+00	1.000444e-10
6.039962123319942e-06	3.051758e-05	0.000000e+00	-4.269980e-10
6.040922775997745e-06	3.051758e-05	0.000000e+00	3.133030e-09
6.041713433359748e-06	3.051758e-05	0.000000e+00	-2.308771e-09
6.042405928667490e-06	3.051758e-05	0.000000e+00	3.274562e-09
6.042999996356570e-06	3.051758e-05	0.000000e+00	-3.276670e-09
6.043517119556037e-06	3.051758e-05	0.000000e+00	3.769575e-09
6.043967716053033e-06	3.051758e-05	0.000000e+00	-4.060567e-09
6.044363360778522e-06	3.051758e-05	0.000000e+00	4.239073e-09
6.044712865792330e-06	3.051758e-05	0.000000e+00	-4.624855e-09
6.045024080064013e-06	3.433228e-05	0.000000e+00	4.438101e-09
6.045303564914438e-06	3.433228e-05	0.000000e+00	-4.788078e-09
6.045556994781362e-06	3.433228e-05	0.000000e+00	-6.932094e-10
6.045811529498373e-06	3.433228e-05	0.000000e+00	-5.360735e-09
6.046041766432727e-06	3.433228e-05	0.000000e+00	2.079415e-10
6.046268722097200e-06	3.433228e-05	0.000000e+00	-2.816159e-09
6.046485047676188e-06	3.433228e-05	0.000000e+00	1.144199e-09
6.046694799615859e-06	3.433228e-05	0.000000e+00	-1.179017e-09
6.046900825257103e-06	3.433228e-05	0.000000e+00	5.834330e-10
6.047102537788332e-06	3.433228e-05	0.000000e+00	-3.966820e-10
6.047303334294537e-06	3.051758e-05	0.000000e+00	-5.268224e-10
6.047503661553251e-06	3.051758e-05	0.000000e+00	3.175710e-10
6.047705478273550e-06	3.051758e-05	0.000000e+00	-1.482992e-09
6.047910375180335e-06	3.051758e-05	0.000000e+00	1.131163e-09
6.048119797161225e-06	3.051758e-05	0.000000e+00	-2.158301e-09
6.048335673398745e-06	3.051758e-05	0.000000e+00	1.874114e-09
6.048559689247475e-06	3.433228e-05	0.000000e+00	-2.586745e-09
6.048793892397261e-06	3.433228e-05	0.000000e+00	2.426781e-09
6.049040418281980e-06	3.433228e-05	0.000000e+00	-4.770626e-09
6.049314343091056e-06	3.433228e-05	0.000000e+00	5.541766e-09
6.049630420272228e-06	3.433228e-05	0.000000e+00	-6.070263e-09
6.050012532850396e-06	3.433228e-05	0.000000e+00	6.652167e-09
6.050502993458191e-06	3.433228e-05	0.000000e+00	-5.772427e-09
6.051174295336437e-06	3.814697e-05	0.000000e+00	5.825445e-09
6.052168736168556e-06	3.814697e-05	0.000000e+00	5.393381e-10
6.053168736168556e-06	3.814697e-05	0.000000e+00	6.639311e-10
6.054168736168556e-06	3.814697e-05	0.000000e+00	6.157279e-10
6.055168736168555e-06	3.433228e-05	0.000000e+00	5.375114e-10
6.056168736168556e-06	3.433228e-05	0.000000e+00	3.929017e-10
6.057168736168556e-06	3.433228e-05	0.000000e+00	2.701199e-10
6.058168736168556e-06	3.433228e-05	0.000000e+00	1.246008e-10
6.059168736168556e-06	3.433228e-05	0.000000e+00	3.001333e-11
6.060168736168555e-06	3.433228e-05	0.000000e+00	-6.912160e-11
6.061168736168556e-06	3.433228e-05	0.000000e+00	-1.109584e-10
6.062168736168556e-06	3.433228e-05	0.000000e+00	-1.564331e-10
6.063168736168556e-06	3.433228e-05	0.000000e+00	-1.473381e-10
6.064168736168556e-06	3.433228e-05	0.000000e+00	-1.482476e-10
6.065168736168555e-06	3.433228e-05	0.000000e+00	-1.064109e-10
6.066168736168556e-06	3.433228e-05	0.000000e+00	-8.549250e-11
6.067168736168556e-06	3.433228e-05	0.000000e+00	-3.183231e-11
6.068168736168556e-06	3.433228e-05	0.000000e+00	-7.275958e-12
6.069168736168556e-06	3.433228e-05	0.000000e+00	4.274625e-11
6.070168736168556e-06	3.433228e-05	0.000000e+00	5.729817e-11
6.071168736168556e-06	3.433228e-05	0.000000e+00	9.185896e-11
6.072168736168555e-06	3.051758e-05	0.000000e+00	9.094947e-11
6.073168736168556e-06	3.051758e-05	0.000000e+00	1.118678e-10
6.074168736168556e-06	3.051758e-05	0.000000e+00	9.822543e-11
6.075168736168556e-06	3.051758e-05	0.000000e+00	1.064109e-10
6.076168736168556e-06	3.051758e-05	0.000000e+00	8.276402e-11
6.077168736168555e-06	3.051758e-05	0.000000e+00	8.549250e-11
6.078168736168556e-06	3.051758e-05	0.000000e+00	6.093615e-11
6.079168736168556e-06	3.051758e-05	0.000000e+00	6.366463e-11
6.080168736168556e-06	3.051758e-05	0.000000e+00	4.092726e-11
6.081168736168556e-06	3.051758e-05	0.000000e+00	4.638423e-11
6.082168736168556e-06	3.051758e-05	0.000000e+00	2.637535e-11
6.083168736168556e-06	3.051758e-05	0.000000e+00	3.547029e-11
6.084168736168556e-06	3.051758e-05	0.000000e+00	2.091838e-11
6.085168736168556e-06	3.051758e-05	0.000000e+00	3.456080e-11
6.086168736168556e-06	3.051758e-05	0.000000e+00	2.364686e-11
6.087168736168556e-06	3.051758e-05	0.000000e+00	3.910827e-11
6.088168736168556e-06	3.051758e-05	0.000000e+00	2.910383e-11
6.089168736168555e-06	3.051758e-05	0.000000e+00	4.456524e-11
6.090168736168556e-06	3.051758e-05	0.000000e+00	3.365130e-11
6.091168736168556e-06	3.051758e-05	0.000000e+00	4.820322e-11
6.092168736168556e-06	3.051758e-05	0.000000e+00	3.819878e-11
6.093168736168556e-06	3.051758e-05	0.000000e+00	5.275069e-11
6.094168736168556e-06	3.051758e-05	0.000000e+00	4.092726e-11
6.095168736168556e-06	3.051758e-05	0.000000e+00	5.275069e-11
6.096168736168556e-06	3.051758e-05	0.000000e+00	4.001777e-11
6.097168736168556e-06	3.051758e-05	0.000000e+00	5.184120e-11
6.098168736168556e-06	3.051758e-05	0.000000e+00	3.910827e-11
6.099168736168556e-06	3.051758e-05	0.000000e+00	5.002221e-11
6.100168736168556e-06	3.433228e-05	0.000000e+00	3.637979e-11
6.101168736168556e-06	3.433228e-05	0.000000e+00	4.729372e-11
6.102168736168556e-06	3.433228e-05	0.000000e+00	3.456080e-11
6.103168736168556e-06	3.433228e-05	0.000000e+00	4.456524e-11
6.104168736168556e-06	3.433228e-05	0.000000e+00	3.183231e-11
6.105168736168556e-06	3.433228e-05	0.000000e+00	4.365575e-11
6.106168736168555e-06	3.433228e-05	0.000000e+00	3.274181e-11
6.107168736168556e-06	3.433228e-05	0.000000e+00	4.456524e-11
6.108168736168556e-06	3.433228e-05	0.000000e+00	3.274181e-11
6.109168736168556e-06	3.433228e-05	0.000000e+00	4.456524e-11
6.110168736168556e-06	3.433228e-05	0.000000e+00	3.365130e-11
6.111168736168556e-06	3.433228e-05	0.000000e+00	4.456524e-11
6.112168736168556e-06	3.433228e-05	0.000000e+00	3.274181e-11
6.113168736168556e-06	3.433228e-05	0.000000e+00	4.365575e-11
6.114168736168556e-06	3.433228e-05	0.000000e+00	3.274181e-11
6.115168736168556e-06	3.433228e-05	0.000000e+00	4.365575e-11
6.116168736168556e-06	3.433228e-05	0.000000e+00	3.274181e-11
6.117168736168556e-06	3.814697e-05	0.000000e+00	4.365575e-11
6.118168736168556e-06	3.814697e-05	0.000000e+00	3.274181e-11
6.119168736168556e-06	3.814697e-05	0.000000e+00	4.365575e-11
6.120168736168556e-06	3.814697e-05	0.000000e+00	3.274181e-11
6.121168736168556e-06	3.814697e-05	0.000000e+00	4.274625e-11
6.122168736168556e-06	3.814697e-05	0.000000e+00	3.183231e-11
6.123168736168556e-06	3.433228e-05	0.000000e+00	4.274625e-11
6.124168736168556e-06	3.433228e-05	0.000000e+00	3.274181e-11
6.125168736168556e-06	3.433228e-05	0.000000e+00	4.274625e-11
6.126168736168556e-06	3.433228e-05	0.000000e+00	3.183231e-11
6.127168736168556e-06	3.433228e-05	0.000000e+00	4.274625e-11
6.128168736168556e-06	3.433228e-05	0.000000e+00	3.274181e-11
6.129168736168556e-06	3.433228e-05	0.000000e+00	4.274625e-11
6.130168736168556e-06	3.433228e-05	0.000000e+00	3.274181e-11
6.131168736168556e-06	3.433228e-05	0.000000e+00	4.274625e-11
6.132168736168556e-06	3.433228e-05	0.000000e+00	3.183231e-11
6.133168736168556e-06	3.433228e-05	0.000000e+00	4.092726e-11
6.134168736168556e-06	3.433228e-05	0.000000e+00	3.092282e-11
6.135168736168556e-06	3.433228e-05	0.000000e+00	4.092726e-11
6.136168736168556e-06	3.433228e-05	0.000000e+00	3.092282e-11
6.137168736168556e-06	3.433228e-05	0.000000e+00	4.001777e-11
6.138168736168556e-06	3.433228e-05	0.000000e+00	3.001333e-11
6.139168736168556e-06	3.433228e-05	0.000000e+00	4.001777e-11
6.140168736168556e-06	3.433228e-05	0.000000e+00	3.001333e-11
6.141168736168556e-06	3.433228e-05	0.000000e+00	3.910827e-11
6.142168736168556e-06	3.433228e-05	0.000000e+00	2.910383e-11
6.143168736168556e-06	3.433228e-05	0.000000e+00	3.819878e-11
6.144168736168556e-06	3.433228e-05	0.000000e+00	2.910383e-11
6.145168736168556e-06	3.433228e-05	0.000000e+00	3.910827e-11
6.146168736168556e-06	3.433228e-05	0.000000e+00	3.001333e-11
6.147168736168556e-06	3.433228e-05	0.000000e+00	3.910827e-11
6.148168736168556e-06	3.433228e-05	0.000000e+00	3.001333e-11
6.149168736168556e-06	3.433228e-05	0.000000e+00	3.910827e-11
6.150168736168556e-06	3.433228e-05	0.000000e+00	2.910383e-11
6.151168736168556e-06	3.433228e-05	0.000000e+00	3.819878e-11
6.152168736168556e-06	3.051758e-05	0.000000e+00	3.001333e-11
6.153168736168556e-06	3.051758e-05	0.000000e+00	3.910827e-11
6.154168736168556e-06	3.051758e-05	0.000000e+00	3.001333e-11
6.155168736168556e-06	3.051758e-05	0.000000e+00	3.819878e-11
6.156168736168556e-06	3.051758e-05	0.000000e+00	2.819434e-11
6.157168736168556e-06	3.051758e-05	0.000000e+00	3.728928e-11
6.158168736168556e-06	3.051758e-05	0.000000e+00	2.910383e-11
6.159168736168556e-06	3.051758e-05	0.000000e+00	3.728928e-11
6.160168736168556e-06	3.051758e-05	0.000000e+00	2.819434e-11
6.161168736168556e-06	3.051758e-05	0.000000e+00	3.728928e-11
6.162168736168556e-06	3.051758e-05	0.000000e+00	2.910383e-11
6.163168736168556e-06	3.051758e-05	0.000000e+00	3.728928e-11
6.164168736168556e-06	3.051758e-05	0.000000e+00	2.819434e-11
6.165168736168556e-06	3.051758e-05	0.000000e+00	3.637979e-11
6.166168736168556e-06	3.051758e-05	0.000000e+00	2.819434e-11
6.167168736168556e-06	3.051758e-05	0.000000e+00	3.637979e-11
6.168168736168556e-06	3.051758e-05	0.000000e+00	2.728484e-11
6.169168736168556e-06	3.051758e-05	0.000000e+00	3.547029e-11
6.170168736168556e-06	3.051758e-05	0.000000e+00	2.728484e-11
6.171168736168556e-06	3.051758e-05	0.000000e+00	3.547029e-11
6.172168736168556e-06	3.051758e-05	0.000000e+00	2.819434e-11
6.173168736168556e-06	3.051758e-05	0.000000e+00	3.728928e-11
6.174168736168556e-06	3.051758e-05	0.000000e+00	2.910383e-11
6.175168736168556e-06	3.051758e-05	0.000000e+00	3.637979e-11
6.176168736168556e-06	3.051758e-05	0.000000e+00	2.728484e-11
6.177168736168556e-06	3.051758e-05	0.000000e+00	3.547029e-11
6.178168736168556e-06	3.051758e-05	0.000000e+00	2.819434e-11
6.179168736168556e-06	3.051758e-05	0.000000e+00	3.547029e-11
6.180168736168556e-06	3.051758e-05	0.000000e+00	2.728484e-11
6.181168736168556e-06	3.051758e-05	0.000000e+00	3.547029e-11
6.182168736168556e-06	3.433228e-05	0.000000e+00	2.819434e-11
6.183168736168556e-06	3.433228e-05	0.000000e+00	3.637979e-11
6.184168736168556e-06	3.433228e-05	0.000000e+00	2.819434e-11
6.185168736168556e-06	3.433228e-05	0.000000e+00	3.547029e-11
6.186168736168556e-06	3.433228e-05	0.000000e+00	2.819434e-11
6.187168736168556e-06	3.433228e-05	0.000000e+00	3.547029e-11
6.188168736168556e-06	3.433228e-05	0.000000e+00	2.728484e-11
6.189168736168556e-06	3.433228e-05	0.000000e+00	3.456080e-11
6.279168736168556e-06	3.433228e-05	0.000000e+00	2.931548e-11
6.369168736168557e-06	3.433228e-05	0.000000e+00	2.508234e-11
6.459168736168557e-06	3.433228e-05	0.000000e+00	2.186139e-11
6.549168736168557e-06	3.433228e-05	0.000000e+00	1.965261e-11
6.639168736168558e-06	3.433228e-05	0.000000e+00	1.845602e-11
6.729168736168558e-06	3.433228e-05	0.000000e+00	1.827161e-11
6.819168736168558e-06	3.433228e-05	0.000000e+00	1.909939e-11
7.047168736168558e-06	3.433228e-05	0.000000e+00	1.455192e-11
8.071168736168561e-06	3.433228e-05	0.000000e+00	8.185452e-12
9.095168736168564e-06	3.433228e-05	0.000000e+00	5.002221e-12
9.998168736168565e-06	3.051758e-05	0.000000e+00	1.818989e-12
9.999168736168565e-06	3.051758e-05	0.000000e+00	-5.294138e-10
1.000000000000000e-05	3.051758e-05	0.000000e+00	-3.151399e-09
