time	V(N024,N026)	V(Vcc_led,Vi_led7)	I(D9)
0.000000000000000e+00	3.433228e-05	0.000000e+00	-3.845339e-15
1.020500000000002e-06	3.433228e-05	0.000000e+00	9.508673e-15
2.044500000000005e-06	3.433228e-05	0.000000e+00	5.583454e-15
3.068500000000007e-06	3.433228e-05	0.000000e+00	1.875842e-15
4.092500000000010e-06	3.433228e-05	0.000000e+00	4.803919e-15
5.010000000000000e-06	3.433228e-05	0.000000e+00	7.216450e-15
5.010031607025008e-06	3.814697e-05	0.000000e+00	-3.966592e-06
5.010094821075025e-06	3.433228e-05	0.000000e+00	-1.535082e-05
5.010190202576312e-06	2.288818e-05	0.000000e+00	-4.179838e-05
5.010300151039246e-06	7.629395e-06	0.000000e+00	-8.559682e-05
5.010426053442846e-06	-1.525879e-05	0.000000e+00	-1.529670e-04
5.010619469973365e-06	-6.866455e-05	-3.814697e-06	-2.843528e-04
5.010895527475381e-06	-1.640320e-04	-7.629395e-06	-5.097239e-04
5.011281898785334e-06	-3.356934e-04	-2.288818e-05	-8.633685e-04
5.011837896183841e-06	-6.294250e-04	-4.959106e-05	-1.378276e-03
5.012523066746809e-06	-1.037598e-03	-9.918213e-05	-1.928726e-03
5.013523066746809e-06	-1.674652e-03	-1.907349e-04	-2.501060e-03
5.014523066746809e-06	-2.304077e-03	-2.899170e-04	-2.820579e-03
5.015200000000000e-06	-2.712250e-03	-3.585815e-04	-2.898877e-03
5.015601336498568e-06	5.396652e-01	6.217957e-03	1.635033e+00
5.015774881983028e-06	1.565224e+00	2.656937e-02	4.630267e+00
5.015932282746105e-06	2.907827e+00	7.035828e-02	8.351199e+00
5.016044334114315e-06	3.657492e+00	1.163979e-01	1.022158e+01
5.016200000000000e-06	4.469236e+00	1.913795e-01	1.205527e+01
5.016215566588569e-06	4.518456e+00	1.997147e-01	1.214040e+01
5.016246699765706e-06	4.612438e+00	2.165184e-01	1.229960e+01
5.016308966119980e-06	4.776795e+00	2.505989e-01	1.255431e+01
5.016433498828528e-06	5.044632e+00	3.195915e-01	1.289666e+01
5.016497393757417e-06	5.143065e+00	3.551788e-01	1.296191e+01
5.016544155944428e-06	5.184231e+00	3.812065e-01	1.291943e+01
5.016549444147299e-06	5.186349e+00	3.841324e-01	1.290707e+01
5.016560020553039e-06	5.188108e+00	3.899460e-01	1.287520e+01
5.016581173364520e-06	5.190551e+00	4.015121e-01	1.280919e+01
5.016614495249785e-06	5.192941e+00	4.195518e-01	1.270339e+01
5.016660149865664e-06	5.195380e+00	4.438515e-01	1.256191e+01
5.016751459097422e-06	5.200982e+00	4.910240e-01	1.230057e+01
5.016934077560937e-06	5.215275e+00	5.815430e-01	1.183442e+01
5.017123557065361e-06	5.232260e+00	6.707840e-01	1.140809e+01
5.017315870402995e-06	5.251512e+00	7.567215e-01	1.102657e+01
5.017445774234840e-06	5.269080e+00	8.119888e-01	1.080717e+01
5.017630509647291e-06	5.302234e+00	8.873825e-01	1.054657e+01
5.017754696292672e-06	5.326632e+00	9.363174e-01	1.039102e+01
5.017897543285533e-06	5.353877e+00	9.902573e-01	1.022561e+01
5.018183237271254e-06	5.402307e+00	1.092846e+00	9.908678e+00
5.018510876915272e-06	5.440987e+00	1.203503e+00	9.531770e+00
5.018785264354163e-06	5.450665e+00	1.289188e+00	9.182578e+00
5.019099199909720e-06	5.443602e+00	1.379391e+00	8.772596e+00
5.019344682146685e-06	5.434972e+00	1.444313e+00	8.489623e+00
5.019641788074810e-06	5.424340e+00	1.515961e+00	8.242994e+00
5.020235999931059e-06	5.403445e+00	1.646599e+00	7.971354e+00
5.020983560007557e-06	5.378628e+00	1.795967e+00	7.821947e+00
5.021983560007556e-06	5.348220e+00	1.976379e+00	7.723196e+00
5.022983560007557e-06	5.320976e+00	2.138504e+00	7.640370e+00
5.023983560007557e-06	5.296858e+00	2.283123e+00	7.566387e+00
5.024983560007557e-06	5.275535e+00	2.412140e+00	7.501242e+00
5.025983560007557e-06	5.256687e+00	2.527271e+00	7.443605e+00
5.026983560007557e-06	5.240024e+00	2.630032e+00	7.392677e+00
5.027983560007557e-06	5.225285e+00	2.721771e+00	7.347637e+00
5.028983560007557e-06	5.212242e+00	2.803688e+00	7.307791e+00
5.029983560007557e-06	5.200693e+00	2.876850e+00	7.272516e+00
5.030983560007557e-06	5.190461e+00	2.942204e+00	7.241272e+00
5.031983560007557e-06	5.181391e+00	3.000595e+00	7.213581e+00
5.032983560007557e-06	5.173348e+00	3.052769e+00	7.189025e+00
5.033983560007556e-06	5.166210e+00	3.099403e+00	7.167239e+00
5.034983560007557e-06	5.159873e+00	3.141087e+00	7.147898e+00
5.035983560007557e-06	5.154244e+00	3.178352e+00	7.130721e+00
5.036983560007557e-06	5.149243e+00	3.211674e+00	7.115458e+00
5.037983560007557e-06	5.144796e+00	3.241467e+00	7.101891e+00
5.038983560007556e-06	5.140841e+00	3.268112e+00	7.089824e+00
5.039983560007557e-06	5.137322e+00	3.291950e+00	7.079089e+00
5.040983560007557e-06	5.134190e+00	3.313271e+00	7.069534e+00
5.041983560007557e-06	5.131402e+00	3.332348e+00	7.061027e+00
5.042983560007557e-06	5.128917e+00	3.349415e+00	7.053450e+00
5.043983560007557e-06	5.126704e+00	3.364685e+00	7.046700e+00
5.044983560007557e-06	5.124732e+00	3.378349e+00	7.040684e+00
5.045983560007557e-06	5.122974e+00	3.390579e+00	7.035322e+00
5.046983560007557e-06	5.121407e+00	3.401527e+00	7.030540e+00
5.047983560007557e-06	5.120008e+00	3.411324e+00	7.026276e+00
5.048983560007557e-06	5.118760e+00	3.420094e+00	7.022471e+00
5.049983560007557e-06	5.117646e+00	3.427944e+00	7.019076e+00
5.050983560007556e-06	5.116653e+00	3.434975e+00	7.016047e+00
5.051983560007557e-06	5.115767e+00	3.441269e+00	7.013343e+00
5.052983560007557e-06	5.114975e+00	3.446903e+00	7.010928e+00
5.053983560007557e-06	5.114268e+00	3.451946e+00	7.008773e+00
5.054983560007557e-06	5.113637e+00	3.456467e+00	7.006847e+00
5.055983560007557e-06	5.113073e+00	3.460510e+00	7.005128e+00
5.056983560007557e-06	5.112569e+00	3.464134e+00	7.003592e+00
5.057983560007557e-06	5.112119e+00	3.467381e+00	7.002220e+00
5.058983560007557e-06	5.111717e+00	3.470284e+00	7.000994e+00
5.059983560007557e-06	5.111358e+00	3.472889e+00	6.999898e+00
5.060983560007557e-06	5.111037e+00	3.475220e+00	6.998919e+00
5.061983560007557e-06	5.110749e+00	3.477310e+00	6.998043e+00
5.062983560007557e-06	5.110492e+00	3.479179e+00	6.997261e+00
5.063983560007557e-06	5.110263e+00	3.480858e+00	6.996562e+00
5.064983560007557e-06	5.110059e+00	3.482357e+00	6.995936e+00
5.065983560007557e-06	5.109875e+00	3.483704e+00	6.995378e+00
5.066983560007557e-06	5.109712e+00	3.484909e+00	6.994878e+00
5.067983560007557e-06	5.109565e+00	3.485989e+00	6.994431e+00
5.068983560007557e-06	5.109434e+00	3.486954e+00	6.994031e+00
5.069983560007557e-06	5.109316e+00	3.487823e+00	6.993674e+00
5.070983560007557e-06	5.109212e+00	3.488602e+00	6.993355e+00
5.071983560007557e-06	5.109118e+00	3.489296e+00	6.993069e+00
5.072983560007557e-06	5.109034e+00	3.489922e+00	6.992813e+00
5.073983560007557e-06	5.108959e+00	3.490479e+00	6.992585e+00
5.074983560007557e-06	5.108892e+00	3.490982e+00	6.992380e+00
5.075983560007557e-06	5.108832e+00	3.491428e+00	6.992198e+00
5.076983560007557e-06	5.108778e+00	3.491829e+00	6.992034e+00
5.077983560007557e-06	5.108730e+00	3.492191e+00	6.991888e+00
5.078983560007557e-06	5.108687e+00	3.492516e+00	6.991757e+00
5.079983560007557e-06	5.108650e+00	3.492805e+00	6.991640e+00
5.080983560007557e-06	5.108615e+00	3.493065e+00	6.991535e+00
5.081983560007557e-06	5.108584e+00	3.493298e+00	6.991442e+00
5.082983560007557e-06	5.108557e+00	3.493507e+00	6.991358e+00
5.083983560007557e-06	5.108532e+00	3.493694e+00	6.991283e+00
5.084983560007557e-06	5.108510e+00	3.493862e+00	6.991216e+00
5.085983560007557e-06	5.108490e+00	3.494011e+00	6.991156e+00
5.086983560007557e-06	5.108473e+00	3.494148e+00	6.991102e+00
5.087983560007557e-06	5.108457e+00	3.494270e+00	6.991055e+00
5.088983560007557e-06	5.108443e+00	3.494377e+00	6.991012e+00
5.089983560007557e-06	5.108430e+00	3.494476e+00	6.990973e+00
5.090983560007557e-06	5.108419e+00	3.494560e+00	6.990939e+00
5.091983560007557e-06	5.108409e+00	3.494640e+00	6.990908e+00
5.092983560007557e-06	5.108400e+00	3.494709e+00	6.990880e+00
5.093983560007557e-06	5.108393e+00	3.494774e+00	6.990856e+00
5.094983560007557e-06	5.108385e+00	3.494827e+00	6.990834e+00
5.095983560007557e-06	5.108378e+00	3.494881e+00	6.990814e+00
5.096983560007557e-06	5.108372e+00	3.494926e+00	6.990797e+00
5.097983560007557e-06	5.108368e+00	3.494965e+00	6.990781e+00
5.098983560007557e-06	5.108363e+00	3.495003e+00	6.990767e+00
5.099983560007557e-06	5.108359e+00	3.495037e+00	6.990754e+00
5.100983560007557e-06	5.108355e+00	3.495064e+00	6.990743e+00
5.101983560007557e-06	5.108352e+00	3.495090e+00	6.990733e+00
5.102983560007557e-06	5.108348e+00	3.495117e+00	6.990724e+00
5.103983560007557e-06	5.108346e+00	3.495136e+00	6.990716e+00
5.104983560007557e-06	5.108343e+00	3.495155e+00	6.990708e+00
5.105983560007557e-06	5.108342e+00	3.495174e+00	6.990702e+00
5.106983560007557e-06	5.108340e+00	3.495190e+00	6.990696e+00
5.107983560007557e-06	5.108338e+00	3.495201e+00	6.990691e+00
5.108983560007557e-06	5.108337e+00	3.495216e+00	6.990686e+00
5.109983560007557e-06	5.108335e+00	3.495224e+00	6.990683e+00
5.110983560007557e-06	5.108334e+00	3.495235e+00	6.990679e+00
5.111983560007557e-06	5.108333e+00	3.495243e+00	6.990675e+00
5.112983560007557e-06	5.108333e+00	3.495255e+00	6.990673e+00
5.113983560007557e-06	5.108332e+00	3.495258e+00	6.990670e+00
5.114983560007557e-06	5.108330e+00	3.495266e+00	6.990667e+00
5.115983560007557e-06	5.108330e+00	3.495274e+00	6.990665e+00
5.116983560007557e-06	5.108329e+00	3.495277e+00	6.990664e+00
5.117983560007557e-06	5.108328e+00	3.495281e+00	6.990662e+00
5.118983560007557e-06	5.108328e+00	3.495285e+00	6.990661e+00
5.119983560007557e-06	5.108328e+00	3.495289e+00	6.990659e+00
5.120983560007557e-06	5.108327e+00	3.495293e+00	6.990658e+00
5.121983560007557e-06	5.108327e+00	3.495296e+00	6.990657e+00
5.122983560007557e-06	5.108326e+00	3.495300e+00	6.990656e+00
5.123983560007557e-06	5.108327e+00	3.495300e+00	6.990655e+00
5.124983560007557e-06	5.108325e+00	3.495304e+00	6.990654e+00
5.125983560007557e-06	5.108326e+00	3.495304e+00	6.990654e+00
5.126983560007557e-06	5.108326e+00	3.495308e+00	6.990653e+00
5.127983560007557e-06	5.108325e+00	3.495308e+00	6.990652e+00
5.128983560007557e-06	5.108326e+00	3.495312e+00	6.990652e+00
5.129983560007557e-06	5.108325e+00	3.495312e+00	6.990651e+00
5.130983560007557e-06	5.108326e+00	3.495312e+00	6.990651e+00
5.131983560007557e-06	5.108325e+00	3.495316e+00	6.990651e+00
5.132983560007557e-06	5.108325e+00	3.495316e+00	6.990650e+00
5.133983560007557e-06	5.108325e+00	3.495316e+00	6.990650e+00
5.134983560007557e-06	5.108325e+00	3.495316e+00	6.990650e+00
5.135983560007557e-06	5.108325e+00	3.495319e+00	6.990650e+00
5.136983560007557e-06	5.108325e+00	3.495319e+00	6.990649e+00
5.137983560007557e-06	5.108325e+00	3.495319e+00	6.990649e+00
5.138983560007557e-06	5.108324e+00	3.495319e+00	6.990649e+00
5.139983560007557e-06	5.108325e+00	3.495319e+00	6.990649e+00
5.140983560007557e-06	5.108325e+00	3.495319e+00	6.990649e+00
5.141983560007557e-06	5.108325e+00	3.495319e+00	6.990649e+00
5.142983560007557e-06	5.108324e+00	3.495319e+00	6.990649e+00
5.143983560007557e-06	5.108324e+00	3.495319e+00	6.990648e+00
5.144983560007557e-06	5.108324e+00	3.495323e+00	6.990648e+00
5.145983560007557e-06	5.108324e+00	3.495323e+00	6.990648e+00
5.146983560007557e-06	5.108324e+00	3.495323e+00	6.990648e+00
5.147983560007557e-06	5.108324e+00	3.495323e+00	6.990648e+00
5.148983560007557e-06	5.108324e+00	3.495323e+00	6.990648e+00
5.149983560007557e-06	5.108325e+00	3.495323e+00	6.990648e+00
5.150983560007557e-06	5.108325e+00	3.495323e+00	6.990648e+00
5.151983560007557e-06	5.108325e+00	3.495323e+00	6.990648e+00
5.152983560007557e-06	5.108325e+00	3.495323e+00	6.990648e+00
5.153983560007557e-06	5.108324e+00	3.495323e+00	6.990648e+00
5.154983560007558e-06	5.108324e+00	3.495323e+00	6.990648e+00
5.155983560007557e-06	5.108324e+00	3.495323e+00	6.990648e+00
5.156983560007557e-06	5.108324e+00	3.495323e+00	6.990648e+00
5.157983560007557e-06	5.108324e+00	3.495323e+00	6.990648e+00
5.158983560007557e-06	5.108324e+00	3.495323e+00	6.990648e+00
5.159983560007557e-06	5.108324e+00	3.495323e+00	6.990648e+00
5.160983560007557e-06	5.108324e+00	3.495323e+00	6.990648e+00
5.161983560007557e-06	5.108324e+00	3.495323e+00	6.990648e+00
5.162983560007557e-06	5.108324e+00	3.495323e+00	6.990648e+00
5.163983560007557e-06	5.108324e+00	3.495323e+00	6.990648e+00
5.164983560007557e-06	5.108324e+00	3.495323e+00	6.990648e+00
5.165983560007557e-06	5.108325e+00	3.495323e+00	6.990648e+00
5.166983560007557e-06	5.108325e+00	3.495323e+00	6.990648e+00
5.167983560007557e-06	5.108324e+00	3.495323e+00	6.990648e+00
5.168983560007557e-06	5.108324e+00	3.495323e+00	6.990648e+00
5.169983560007557e-06	5.108324e+00	3.495323e+00	6.990648e+00
5.170983560007557e-06	5.108324e+00	3.495323e+00	6.990648e+00
5.171983560007558e-06	5.108324e+00	3.495323e+00	6.990648e+00
5.172983560007557e-06	5.108324e+00	3.495323e+00	6.990648e+00
5.173983560007557e-06	5.108324e+00	3.495323e+00	6.990648e+00
5.174983560007557e-06	5.108324e+00	3.495323e+00	6.990648e+00
5.175983560007557e-06	5.108324e+00	3.495323e+00	6.990648e+00
5.176983560007557e-06	5.108324e+00	3.495323e+00	6.990648e+00
5.177983560007557e-06	5.108324e+00	3.495323e+00	6.990648e+00
5.178983560007557e-06	5.108324e+00	3.495323e+00	6.990648e+00
5.179983560007557e-06	5.108324e+00	3.495323e+00	6.990648e+00
5.180983560007557e-06	5.108324e+00	3.495323e+00	6.990648e+00
5.181983560007557e-06	5.108324e+00	3.495323e+00	6.990648e+00
5.182983560007557e-06	5.108324e+00	3.495323e+00	6.990648e+00
5.183983560007558e-06	5.108324e+00	3.495323e+00	6.990648e+00
5.184983560007557e-06	5.108324e+00	3.495323e+00	6.990648e+00
5.185983560007557e-06	5.108324e+00	3.495323e+00	6.990648e+00
5.186983560007557e-06	5.108324e+00	3.495323e+00	6.990648e+00
5.187983560007557e-06	5.108324e+00	3.495323e+00	6.990648e+00
5.188983560007558e-06	5.108323e+00	3.495323e+00	6.990648e+00
5.189983560007557e-06	5.108323e+00	3.495323e+00	6.990648e+00
5.190983560007557e-06	5.108323e+00	3.495323e+00	6.990648e+00
5.192983560007557e-06	5.108324e+00	3.495323e+00	6.990648e+00
5.194983560007557e-06	5.108324e+00	3.495323e+00	6.990648e+00
5.196983560007557e-06	5.108324e+00	3.495323e+00	6.990648e+00
5.198983560007557e-06	5.108324e+00	3.495323e+00	6.990648e+00
5.200983560007558e-06	5.108324e+00	3.495323e+00	6.990648e+00
5.202983560007557e-06	5.108324e+00	3.495323e+00	6.990648e+00
5.204983560007557e-06	5.108324e+00	3.495323e+00	6.990648e+00
5.206983560007557e-06	5.108324e+00	3.495323e+00	6.990648e+00
5.209983560007557e-06	5.108324e+00	3.495323e+00	6.990648e+00
5.212983560007558e-06	5.108323e+00	3.495323e+00	6.990648e+00
5.213983560007557e-06	5.108323e+00	3.495323e+00	6.990648e+00
5.214983560007557e-06	5.108324e+00	3.495323e+00	6.990648e+00
5.215200000000000e-06	5.108324e+00	3.495323e+00	6.990648e+00
5.215632879984886e-06	5.108324e+00	3.495323e+00	6.990648e+00
5.216200000000000e-06	5.108326e+00	3.495323e+00	6.990654e+00
5.216256712001511e-06	5.108371e+00	3.495323e+00	6.990796e+00
5.216370136004534e-06	5.108475e+00	3.495327e+00	6.991118e+00
5.216596984010581e-06	5.108694e+00	3.495338e+00	6.991797e+00
5.217050680022672e-06	5.109113e+00	3.495380e+00	6.993086e+00
5.217958072046855e-06	5.109877e+00	3.495533e+00	6.995418e+00
5.218958072046855e-06	5.110616e+00	3.495773e+00	6.997669e+00
5.219958072046855e-06	5.111238e+00	3.496082e+00	6.999566e+00
5.220958072046855e-06	5.111741e+00	3.496437e+00	7.001099e+00
5.221958072046855e-06	5.112149e+00	3.496819e+00	7.002340e+00
5.222100000000000e-06	5.112196e+00	3.496876e+00	7.002481e+00
5.222383855906290e-06	5.112274e+00	3.496986e+00	7.002718e+00
5.222829152749679e-06	5.112370e+00	3.497162e+00	7.003007e+00
5.223100000000000e-06	5.112416e+00	3.497269e+00	7.003147e+00
5.223127084725032e-06	5.112400e+00	3.497280e+00	7.003096e+00
5.223181254175096e-06	5.112361e+00	3.497303e+00	7.002974e+00
5.223289593075224e-06	5.112269e+00	3.497341e+00	7.002686e+00
5.223506270875482e-06	5.112075e+00	3.497414e+00	7.002080e+00
5.223939626475995e-06	5.111679e+00	3.497532e+00	7.000862e+00
5.224806337677022e-06	5.110866e+00	3.497684e+00	6.998375e+00
5.225806337677021e-06	5.109873e+00	3.497746e+00	6.995348e+00
5.226806337677022e-06	5.108778e+00	3.497665e+00	6.992002e+00
5.227806337677021e-06	5.107501e+00	3.497437e+00	6.988091e+00
5.228806337677022e-06	5.105895e+00	3.497032e+00	6.983170e+00
5.229806337677021e-06	5.103641e+00	3.496410e+00	6.976262e+00
5.230806337677021e-06	5.099763e+00	3.495430e+00	6.964363e+00
5.231806337677022e-06	5.085456e+00	3.493313e+00	6.920287e+00
5.232806337677021e-06	5.050988e+00	3.489304e+00	6.813878e+00
5.232931337677022e-06	5.042324e+00	3.488388e+00	6.787097e+00
5.233181337677021e-06	5.017532e+00	3.485489e+00	6.710695e+00
5.233681337677022e-06	4.962015e+00	3.476521e+00	6.540592e+00
5.234681337677021e-06	4.810137e+00	3.448895e+00	6.075260e+00
5.235289374230575e-06	4.671612e+00	3.423180e+00	5.651251e+00
5.235729755105861e-06	4.575507e+00	3.397457e+00	5.360415e+00
5.236156777417000e-06	4.495931e+00	3.368183e+00	5.121013e+00
5.236445746851597e-06	4.410631e+00	3.345772e+00	4.860132e+00
5.236724975849292e-06	4.273762e+00	3.319595e+00	4.440295e+00
5.237119855822044e-06	3.964478e+00	3.271931e+00	3.493027e+00
5.237483461612021e-06	3.457911e+00	3.206112e+00	1.949755e+00
5.238035097879269e-06	2.194279e+00	3.052635e+00	-1.868393e+00
5.238403787526458e-06	1.006544e+00	2.911114e+00	-5.429955e+00
5.238436896100614e-06	8.725891e-01	2.894924e+00	-5.828277e+00
5.238503113248925e-06	5.703201e-01	2.857857e+00	-6.721501e+00
5.238605503924039e-06	7.976151e-02	2.797646e+00	-8.167353e+00
5.238609108226323e-06	6.185532e-02	2.795429e+00	-8.219952e+00
5.238616316830892e-06	2.519989e-02	2.790852e+00	-8.327370e+00
5.238630734040031e-06	-4.841232e-02	2.781616e+00	-8.543014e+00
5.238640055807696e-06	-9.596252e-02	2.775558e+00	-8.682094e+00
5.238647712504341e-06	-1.347923e-01	2.770473e+00	-8.795466e+00
5.238656026478747e-06	-1.766930e-01	2.764812e+00	-8.917577e+00
5.238666933802531e-06	-2.314301e-01	2.757126e+00	-9.076769e+00
5.238691863896232e-06	-3.563309e-01	2.738922e+00	-9.439342e+00
5.238699652511561e-06	-3.949203e-01	2.732941e+00	-9.550996e+00
5.238702767957692e-06	-4.057465e-01	2.730511e+00	-9.580836e+00
5.238708998849955e-06	-4.166069e-01	2.725624e+00	-9.606199e+00
5.238721460634481e-06	-4.260674e-01	2.715828e+00	-9.618500e+00
5.238746384203532e-06	-4.336472e-01	2.696236e+00	-9.607260e+00
5.238796231341635e-06	-4.344177e-01	2.657368e+00	-9.539080e+00
5.239072159627002e-06	-4.090080e-01	2.451870e+00	-9.072560e+00
5.239424627645324e-06	-3.752251e-01	2.211979e+00	-8.482469e+00
5.240034737652967e-06	-3.213539e-01	1.840847e+00	-7.493876e+00
5.240690657259966e-06	-2.705307e-01	1.495960e+00	-6.477586e+00
5.241284539358836e-06	-2.313614e-01	1.232449e+00	-5.604519e+00
5.241837216421395e-06	-2.006683e-01	1.027061e+00	-4.835993e+00
5.242398822086359e-06	-1.745567e-01	8.531685e-01	-4.099755e+00
5.242973040704421e-06	-1.524467e-01	7.068138e-01	-3.395087e+00
5.243551914606720e-06	-1.343079e-01	5.876007e-01	-2.737860e+00
5.244126066593889e-06	-1.199188e-01	4.940681e-01	-2.145278e+00
5.244699089525057e-06	-1.086159e-01	4.218597e-01	-1.624325e+00
5.245271490962780e-06	-9.983444e-02	3.672485e-01	-1.189331e+00
5.245845441247935e-06	-9.300232e-02	3.264847e-01	-8.462183e-01
5.246418945332779e-06	-8.768463e-02	2.964516e-01	-5.895604e-01
5.246992791164196e-06	-8.349609e-02	2.743340e-01	-4.037784e-01
5.247566045289458e-06	-8.015060e-02	2.579880e-01	-2.726664e-01
5.248139649786323e-06	-7.744217e-02	2.458191e-01	-1.821986e-01
5.248773938136721e-06	-7.500839e-02	2.358513e-01	-1.161340e-01
5.249594732491540e-06	-7.246017e-02	2.264099e-01	-6.351228e-02
5.250594732491539e-06	-6.996155e-02	2.180023e-01	-2.742294e-02
5.251594732491540e-06	-6.793594e-02	2.117271e-01	-9.114495e-03
5.252594732491539e-06	-6.625748e-02	2.067795e-01	-6.361723e-04
5.253594732491540e-06	-6.483078e-02	2.025604e-01	3.089565e-03
5.254594732491540e-06	-6.356812e-02	1.986847e-01	4.579786e-03
5.255594732491540e-06	-6.240463e-02	1.948395e-01	5.100556e-03
5.256594732491540e-06	-6.125259e-02	1.905556e-01	5.362440e-03
5.257594732491539e-06	-5.981064e-02	1.846886e-01	6.229712e-03
5.258231532784784e-06	-5.844498e-02	1.788483e-01	7.847740e-03
5.258418854890827e-06	-5.794907e-02	1.763306e-01	8.487383e-03
5.258513698210932e-06	-5.771255e-02	1.748505e-01	8.703910e-03
5.258563414395335e-06	-5.758286e-02	1.740837e-01	8.833201e-03
5.258592773827441e-06	-5.750656e-02	1.736336e-01	8.909106e-03
5.258619362324327e-06	-5.744171e-02	1.732254e-01	8.958195e-03
5.258647469701163e-06	-5.736923e-02	1.727943e-01	9.019843e-03
5.258683888620166e-06	-5.728149e-02	1.722374e-01	9.092549e-03
5.258756085292623e-06	-5.709839e-02	1.711464e-01	9.227919e-03
5.258900478637537e-06	-5.674362e-02	1.689873e-01	9.461699e-03
5.259189265327364e-06	-5.605698e-02	1.647758e-01	9.808486e-03
5.259766838707019e-06	-5.474472e-02	1.567307e-01	1.016863e-02
5.260766838707019e-06	-5.262375e-02	1.436768e-01	1.022366e-02
5.261766838707019e-06	-5.067825e-02	1.316223e-01	9.855949e-03
5.262766838707019e-06	-4.890823e-02	1.205940e-01	9.251460e-03
5.263766838707019e-06	-4.729462e-02	1.104965e-01	8.569934e-03
5.264766838707019e-06	-4.582596e-02	1.012497e-01	7.886304e-03
5.265766838707019e-06	-4.447937e-02	9.277344e-02	7.234016e-03
5.266766838707019e-06	-4.325485e-02	8.500671e-02	6.626395e-03
5.267766838707019e-06	-4.213333e-02	7.789230e-02	6.067145e-03
5.268766838707019e-06	-4.110718e-02	7.137299e-02	5.555526e-03
5.269766838707019e-06	-4.016876e-02	6.539917e-02	5.088864e-03
5.270766838707019e-06	-3.931046e-02	5.992508e-02	4.663775e-03
5.271766838707019e-06	-3.851700e-02	5.490875e-02	4.276734e-03
5.272766838707019e-06	-3.779221e-02	5.031204e-02	3.924342e-03
5.273766838707019e-06	-3.712463e-02	4.610062e-02	3.603430e-03
5.274766838707019e-06	-3.651428e-02	4.224396e-02	3.311090e-03
5.275766838707019e-06	-3.595352e-02	3.871155e-02	3.044684e-03
5.276766838707019e-06	-3.543091e-02	3.546906e-02	2.801822e-03
5.277766838707019e-06	-3.495026e-02	3.250122e-02	2.580343e-03
5.278766838707019e-06	-3.451157e-02	2.978516e-02	2.378298e-03
5.279766838707019e-06	-3.410721e-02	2.729416e-02	2.193923e-03
5.280766838707019e-06	-3.372955e-02	2.501297e-02	2.025625e-03
5.281766838707019e-06	-3.337860e-02	2.292633e-02	1.871962e-03
5.282766838707019e-06	-3.305817e-02	2.101135e-02	1.731629e-03
5.283766838707019e-06	-3.275681e-02	1.925659e-02	1.603442e-03
5.284766838707019e-06	-3.247833e-02	1.764679e-02	1.486328e-03
5.285766838707019e-06	-3.222656e-02	1.617432e-02	1.379314e-03
5.286766838707019e-06	-3.198624e-02	1.482391e-02	1.281513e-03
5.287766838707019e-06	-3.176117e-02	1.359177e-02	1.192123e-03
5.288766838707019e-06	-3.155518e-02	1.245880e-02	1.110410e-03
5.289766838707019e-06	-3.136063e-02	1.142120e-02	1.035710e-03
5.290766838707019e-06	-3.117752e-02	1.047516e-02	9.674168e-04
5.291766838707019e-06	-3.100967e-02	9.605408e-03	9.049771e-04
5.292766838707019e-06	-3.084564e-02	8.804321e-03	8.478881e-04
5.293766838707019e-06	-3.069305e-02	8.075714e-03	7.956903e-04
5.294766838707019e-06	-3.055573e-02	7.408142e-03	7.479654e-04
5.295766838707019e-06	-3.041840e-02	6.793976e-03	7.043310e-04
5.296766838707019e-06	-3.029633e-02	6.233215e-03	6.644384e-04
5.297766838707019e-06	-3.017426e-02	5.722046e-03	6.279690e-04
5.298766838707019e-06	-3.006363e-02	5.249023e-03	5.946320e-04
5.299766838707019e-06	-2.995300e-02	4.817963e-03	5.641616e-04
5.300766838707019e-06	-2.985001e-02	4.425049e-03	5.363147e-04
5.301766838707019e-06	-2.975464e-02	4.062653e-03	5.108696e-04
5.302766838707019e-06	-2.965927e-02	3.730774e-03	4.876233e-04
5.303766838707019e-06	-2.956772e-02	3.425598e-03	4.663902e-04
5.304766838707019e-06	-2.947998e-02	3.150940e-03	4.470007e-04
5.305766838707019e-06	-2.939987e-02	2.891541e-03	4.292995e-04
5.306766838707019e-06	-2.931976e-02	2.658844e-03	4.131448e-04
5.307766838707019e-06	-2.923965e-02	2.445221e-03	3.984066e-04
5.308766838707019e-06	-2.916336e-02	2.250671e-03	3.849663e-04
5.309766838707019e-06	-2.909088e-02	2.071381e-03	3.727150e-04
5.310766838707019e-06	-2.902222e-02	1.907349e-03	3.615534e-04
5.311766838707019e-06	-2.894974e-02	1.758575e-03	3.513904e-04
5.312766838707019e-06	-2.888107e-02	1.621246e-03	3.421427e-04
5.313766838707019e-06	-2.881622e-02	1.495361e-03	3.337341e-04
5.314766838707019e-06	-2.875519e-02	1.380920e-03	3.260948e-04
5.315766838707019e-06	-2.869034e-02	1.274109e-03	3.191610e-04
5.316766838707019e-06	-2.862930e-02	1.174927e-03	3.128741e-04
5.317766838707019e-06	-2.856827e-02	1.087189e-03	3.071807e-04
5.318766838707019e-06	-2.850723e-02	1.007080e-03	3.020319e-04
5.319766838707019e-06	-2.845001e-02	9.307861e-04	2.973828e-04
5.320766838707019e-06	-2.839279e-02	8.621216e-04	2.931924e-04
5.321766838707019e-06	-2.833557e-02	8.010864e-04	2.894230e-04
5.322766838707019e-06	-2.827835e-02	7.438660e-04	2.860405e-04
5.323766838707019e-06	-2.821732e-02	6.904602e-04	2.830133e-04
5.324766838707019e-06	-2.816010e-02	6.408691e-04	2.803127e-04
5.325766838707019e-06	-2.810287e-02	5.989075e-04	2.779122e-04
5.326766838707019e-06	-2.804947e-02	5.569458e-04	2.757879e-04
5.327766838707019e-06	-2.799606e-02	5.226135e-04	2.739176e-04
5.328766838707019e-06	-2.794266e-02	4.882813e-04	2.722813e-04
5.329766838707019e-06	-2.788544e-02	4.577637e-04	2.708603e-04
5.330766838707019e-06	-2.783203e-02	4.310608e-04	2.696380e-04
5.331766838707019e-06	-2.777863e-02	4.043579e-04	2.685988e-04
5.332766838707019e-06	-2.772522e-02	3.814697e-04	2.677286e-04
5.333766838707019e-06	-2.766800e-02	3.585815e-04	2.670146e-04
5.334766838707019e-06	-2.761459e-02	3.395081e-04	2.664450e-04
5.335766838707019e-06	-2.756119e-02	3.204346e-04	2.660090e-04
5.336766838707019e-06	-2.750778e-02	3.051758e-04	2.656968e-04
5.337766838707019e-06	-2.745438e-02	2.899170e-04	2.654994e-04
5.338766838707019e-06	-2.740097e-02	2.784729e-04	2.654087e-04
5.339766838707019e-06	-2.734375e-02	2.632141e-04	2.654172e-04
5.340766838707019e-06	-2.729034e-02	2.517700e-04	2.655179e-04
5.341766838707019e-06	-2.723694e-02	2.441406e-04	2.657049e-04
5.342766838707019e-06	-2.718735e-02	2.326965e-04	2.659725e-04
5.343766838707019e-06	-2.713394e-02	2.250671e-04	2.663154e-04
5.344766838707019e-06	-2.707672e-02	2.174377e-04	2.667290e-04
5.345766838707019e-06	-2.702332e-02	2.098083e-04	2.672092e-04
5.346766838707019e-06	-2.696609e-02	2.021790e-04	2.677520e-04
5.347766838707019e-06	-2.691269e-02	1.983643e-04	2.683541e-04
5.348766838707019e-06	-2.685928e-02	1.907349e-04	2.690122e-04
5.349766838707019e-06	-2.680588e-02	1.869202e-04	2.697236e-04
5.350766838707019e-06	-2.674484e-02	1.831055e-04	2.704856e-04
5.351766838707019e-06	-2.669525e-02	1.792908e-04	2.712960e-04
5.352766838707019e-06	-2.664185e-02	1.754761e-04	2.721529e-04
5.353766838707019e-06	-2.658463e-02	1.716614e-04	2.730542e-04
5.354766838707019e-06	-2.652740e-02	1.678467e-04	2.739984e-04
5.355766838707019e-06	-2.647018e-02	1.640320e-04	2.749842e-04
5.356766838707020e-06	-2.641296e-02	1.640320e-04	2.760102e-04
5.357766838707019e-06	-2.635956e-02	1.602173e-04	2.770753e-04
5.358766838707019e-06	-2.630234e-02	1.602173e-04	2.781786e-04
5.359766838707019e-06	-2.624512e-02	1.564026e-04	2.793193e-04
5.360766838707019e-06	-2.618408e-02	1.564026e-04	2.804968e-04
5.361766838707020e-06	-2.613068e-02	1.564026e-04	2.817104e-04
5.362766838707019e-06	-2.606964e-02	1.525879e-04	2.829598e-04
5.363766838707019e-06	-2.601624e-02	1.525879e-04	2.842446e-04
5.364766838707019e-06	-2.595520e-02	1.525879e-04	2.855646e-04
5.365766838707019e-06	-2.589798e-02	1.525879e-04	2.869197e-04
5.366766838707019e-06	-2.584076e-02	1.487732e-04	2.883098e-04
5.367766838707019e-06	-2.578354e-02	1.487732e-04	2.897349e-04
5.368766838707019e-06	-2.571869e-02	1.487732e-04	2.911953e-04
5.369766838707019e-06	-2.565765e-02	1.487732e-04	2.926910e-04
5.370766838707019e-06	-2.559662e-02	1.487732e-04	2.942224e-04
5.371766838707019e-06	-2.554321e-02	1.487732e-04	2.957898e-04
5.372766838707019e-06	-2.547836e-02	1.487732e-04	2.973935e-04
5.373766838707020e-06	-2.541733e-02	1.487732e-04	2.990342e-04
5.374766838707019e-06	-2.535629e-02	1.487732e-04	3.007123e-04
5.375766838707019e-06	-2.529907e-02	1.487732e-04	3.024285e-04
5.376766838707019e-06	-2.523422e-02	1.487732e-04	3.041833e-04
5.377766838707019e-06	-2.517319e-02	1.487732e-04	3.059776e-04
5.378766838707020e-06	-2.510834e-02	1.487732e-04	3.078122e-04
5.379766838707019e-06	-2.504730e-02	1.487732e-04	3.096879e-04
5.381766838707019e-06	-2.491760e-02	1.525879e-04	3.135662e-04
5.383766838707019e-06	-2.479172e-02	1.525879e-04	3.176208e-04
5.386766838707019e-06	-2.459335e-02	1.564026e-04	3.240535e-04
5.388623981564162e-06	-2.446926e-02	1.571032e-04	3.282297e-04
5.390481124421305e-06	-2.434330e-02	1.581153e-04	3.326181e-04
5.392338267278448e-06	-2.421546e-02	1.594388e-04	3.372185e-04
5.394195410135591e-06	-2.408576e-02	1.610736e-04	3.420311e-04
5.396052552992733e-06	-2.395420e-02	1.630199e-04	3.470557e-04
5.397909695849876e-06	-2.382076e-02	1.652776e-04	3.522925e-04
5.399766838707019e-06	-2.368546e-02	1.678467e-04	3.577413e-04
5.402052552992733e-06	-2.351722e-02	1.692480e-04	3.647342e-04
5.404338267278448e-06	-2.334494e-02	1.712721e-04	3.722691e-04
5.406623981564162e-06	-2.316860e-02	1.739191e-04	3.803463e-04
5.408909695849877e-06	-2.298822e-02	1.771888e-04	3.889656e-04
5.411195410135591e-06	-2.280379e-02	1.810813e-04	3.981272e-04
5.413481124421305e-06	-2.261532e-02	1.855967e-04	4.078309e-04
5.415766838707019e-06	-2.242279e-02	1.907349e-04	4.180767e-04
5.417766838707019e-06	-2.224957e-02	1.932261e-04	4.275785e-04
5.419766838707020e-06	-2.207106e-02	1.963401e-04	4.378853e-04
5.421766838707020e-06	-2.188725e-02	2.000770e-04	4.489971e-04
5.423766838707019e-06	-2.169815e-02	2.044366e-04	4.609141e-04
5.425766838707019e-06	-2.150376e-02	2.094191e-04	4.736361e-04
5.427766838707019e-06	-2.130407e-02	2.150244e-04	4.871631e-04
5.429766838707020e-06	-2.109909e-02	2.212524e-04	5.014953e-04
5.432766838707019e-06	-2.078247e-02	2.288818e-04	5.254996e-04
5.435766838707019e-06	-2.044678e-02	2.403259e-04	5.525698e-04
5.438766838707019e-06	-2.009583e-02	2.517700e-04	5.833199e-04
5.441766838707020e-06	-1.971817e-02	2.632141e-04	6.185391e-04
5.443766838707020e-06	-1.945496e-02	2.708435e-04	6.449981e-04
5.445766838707019e-06	-1.918030e-02	2.822876e-04	6.742800e-04
5.447766838707019e-06	-1.889420e-02	2.937317e-04	7.068550e-04
5.449766838707019e-06	-1.858521e-02	3.051758e-04	7.433042e-04
5.451766838707019e-06	-1.826477e-02	3.166199e-04	7.843534e-04
5.453766838707020e-06	-1.792908e-02	3.318787e-04	8.309213e-04
5.454766838707019e-06	-1.774979e-02	3.395081e-04	8.566313e-04
5.455766838707020e-06	-1.756287e-02	3.471375e-04	8.841892e-04
5.456766838707019e-06	-1.737213e-02	3.585815e-04	9.138001e-04
5.457766838707019e-06	-1.717377e-02	3.662109e-04	9.457004e-04
5.458766838707020e-06	-1.697159e-02	3.776550e-04	9.801643e-04
5.459766838707019e-06	-1.675797e-02	3.890991e-04	1.017511e-03
5.460766838707020e-06	-1.653290e-02	4.005432e-04	1.058117e-03
5.461766838707019e-06	-1.630402e-02	4.119873e-04	1.102425e-03
5.462766838707019e-06	-1.605606e-02	4.234314e-04	1.150961e-03
5.463766838707020e-06	-1.580429e-02	4.386902e-04	1.204360e-03
5.464766838707019e-06	-1.553726e-02	4.539490e-04	1.263386e-03
5.465766838707020e-06	-1.525497e-02	4.730225e-04	1.328974e-03
5.466766838707019e-06	-1.495743e-02	4.882813e-04	1.402279e-03
5.467766838707019e-06	-1.464462e-02	5.111694e-04	1.484743e-03
5.468766838707019e-06	-1.430130e-02	5.340576e-04	1.578193e-03
5.469766838707019e-06	-1.393890e-02	5.569458e-04	1.684973e-03
5.470766838707020e-06	-1.354599e-02	5.836487e-04	1.808150e-03
5.471766838707019e-06	-1.312637e-02	6.141663e-04	1.951809e-03
5.472766838707020e-06	-1.266098e-02	6.484985e-04	2.121518e-03
5.473766838707019e-06	-1.214981e-02	6.904602e-04	2.325402e-03
5.474766838707019e-06	-1.158142e-02	7.400513e-04	2.574600e-03
5.475766838707020e-06	-1.093674e-02	7.934570e-04	2.885257e-03
5.476766838707019e-06	-1.018524e-02	8.583069e-04	3.284011e-03
5.477766838707020e-06	-9.307861e-03	9.384155e-04	3.815197e-03
5.478766838707019e-06	-8.228302e-03	1.041412e-03	4.563360e-03
5.479766838707019e-06	-6.839752e-03	1.174927e-03	5.698027e-03
5.480766838707020e-06	-4.909515e-03	1.361847e-03	7.596629e-03
5.481766838707019e-06	-1.914978e-03	1.651764e-03	1.114579e-02
5.482766838707020e-06	2.620697e-03	2.117157e-03	1.670434e-02
5.483766838707019e-06	7.492065e-03	2.738953e-03	2.038486e-02
5.484766838707020e-06	1.026154e-02	3.326416e-03	1.715814e-02
5.485667194427896e-06	1.029205e-02	3.608704e-03	9.377220e-03
5.486428531939835e-06	9.063721e-03	3.582001e-03	2.429947e-03
5.487155008813034e-06	7.415771e-03	3.337860e-03	-2.619872e-03
5.488155008813034e-06	5.065918e-03	2.830505e-03	-6.837389e-03
5.489155008813034e-06	3.002167e-03	2.246857e-03	-8.526018e-03
5.490155008813034e-06	1.373291e-03	1.686096e-03	-8.349093e-03
5.491155008813034e-06	1.716614e-04	1.197815e-03	-7.231636e-03
5.492155008813034e-06	-6.790161e-04	8.087158e-04	-5.805770e-03
5.493155008813034e-06	-1.255035e-03	5.187988e-04	-4.398803e-03
5.494155008813034e-06	-1.613617e-03	3.089905e-04	-3.141573e-03
5.495155008813034e-06	-1.796722e-03	1.678467e-04	-2.065238e-03
5.496155008813034e-06	-1.831055e-03	8.392334e-05	-1.159633e-03
5.497155008813034e-06	-1.754761e-03	4.196167e-05	-3.990627e-04
5.498022062902781e-06	-1.605988e-03	3.051758e-05	1.518317e-04
5.498960343294555e-06	-1.377106e-03	4.577637e-05	6.404308e-04
5.499960343294555e-06	-1.071930e-03	8.010864e-05	1.050729e-03
5.500960343294555e-06	-7.400513e-04	1.258850e-04	1.342675e-03
5.501960343294555e-06	-4.081726e-04	1.754761e-04	1.505925e-03
5.502960343294555e-06	-9.155273e-05	2.288818e-04	1.535088e-03
5.503960343294555e-06	1.716614e-04	2.708435e-04	1.434975e-03
5.504960343294555e-06	3.700256e-04	3.051758e-04	1.225329e-03
5.505960343294555e-06	4.997253e-04	3.280640e-04	9.399627e-04
5.506960343294555e-06	5.531311e-04	3.318787e-04	6.207712e-04
5.507960343294555e-06	5.493164e-04	3.242493e-04	3.082337e-04
5.508960343294555e-06	4.959106e-04	3.051758e-04	3.348687e-05
5.509960343294555e-06	4.158020e-04	2.746582e-04	-1.834280e-04
5.510960343294555e-06	3.128052e-04	2.403259e-04	-3.335912e-04
5.511960343294555e-06	2.136230e-04	2.021790e-04	-4.185449e-04
5.512960343294555e-06	1.182556e-04	1.640320e-04	-4.466811e-04
5.513960343294555e-06	3.433228e-05	1.296997e-04	-4.295984e-04
5.514960343294555e-06	-3.051758e-05	9.918213e-05	-3.798401e-04
5.515960343294555e-06	-7.629395e-05	7.629395e-05	-3.093752e-04
5.516960343294555e-06	-1.068115e-04	6.103516e-05	-2.287312e-04
5.517960343294555e-06	-1.220703e-04	4.577637e-05	-1.466048e-04
5.518960343294555e-06	-1.144409e-04	3.814697e-05	-6.975480e-05
5.519960343294555e-06	-1.029968e-04	3.051758e-05	-3.057796e-06
5.520960343294555e-06	-8.010864e-05	3.051758e-05	5.037039e-05
5.521960343294555e-06	-5.340576e-05	3.051758e-05	8.900715e-05
5.522960343294555e-06	-2.670288e-05	3.433228e-05	1.127300e-04
5.523960343294555e-06	0.000000e+00	3.433228e-05	1.225833e-04
5.524960343294555e-06	2.288818e-05	3.814697e-05	1.205105e-04
5.525960343294555e-06	4.196167e-05	3.814697e-05	1.090549e-04
5.526960343294555e-06	5.722046e-05	4.196167e-05	9.105110e-05
5.527960343294555e-06	6.484985e-05	4.196167e-05	6.933456e-05
5.528960343294555e-06	7.247925e-05	3.814697e-05	4.649353e-05
5.529960343294555e-06	7.247925e-05	3.814697e-05	2.468817e-05
5.530960343294555e-06	6.484985e-05	3.433228e-05	5.541906e-06
5.531960343294555e-06	6.103516e-05	3.051758e-05	-9.892065e-06
5.532960343294555e-06	5.722046e-05	2.670288e-05	-2.110438e-05
5.533960343294555e-06	4.959106e-05	2.288818e-05	-2.805617e-05
5.534960343294555e-06	4.196167e-05	2.288818e-05	-3.107965e-05
5.535960343294555e-06	3.814697e-05	1.907349e-05	-3.076723e-05
5.536960343294555e-06	3.051758e-05	1.525879e-05	-2.786342e-05
5.537960343294555e-06	2.288818e-05	1.144409e-05	-2.316874e-05
5.538960343294555e-06	2.670288e-05	1.144409e-05	-1.746044e-05
5.539960343294555e-06	2.670288e-05	7.629395e-06	-1.143361e-05
5.540960343294556e-06	2.670288e-05	7.629395e-06	-5.661508e-06
5.541960343294555e-06	2.670288e-05	7.629395e-06	-5.749253e-07
5.542960343294555e-06	2.670288e-05	7.629395e-06	3.543163e-06
5.543960343294555e-06	2.670288e-05	7.629395e-06	6.549466e-06
5.544960343294555e-06	3.051758e-05	7.629395e-06	8.423141e-06
5.545960343294555e-06	3.433228e-05	7.629395e-06	9.241918e-06
5.546960343294555e-06	3.051758e-05	7.629395e-06	9.155262e-06
5.547960343294555e-06	3.433228e-05	3.814697e-06	8.357087e-06
5.548960343294555e-06	3.814697e-05	3.814697e-06	7.060342e-06
5.549960343294555e-06	3.814697e-05	3.814697e-06	5.475333e-06
5.550960343294555e-06	3.814697e-05	3.814697e-06	3.792560e-06
5.551960343294555e-06	3.814697e-05	3.814697e-06	2.170991e-06
5.552960343294555e-06	3.814697e-05	3.814697e-06	7.312174e-07
5.553960343294555e-06	4.196167e-05	3.814697e-06	-4.465292e-07
5.554960343294555e-06	3.814697e-05	3.814697e-06	-1.320708e-06
5.555960343294555e-06	3.814697e-05	3.814697e-06	-1.883749e-06
5.556960343294555e-06	3.433228e-05	3.814697e-06	-2.155568e-06
5.557960343294556e-06	3.814697e-05	3.814697e-06	-2.176081e-06
5.558960343294555e-06	3.433228e-05	3.814697e-06	-1.997674e-06
5.559960343294555e-06	3.814697e-05	3.814697e-06	-1.678200e-06
5.560960343294555e-06	3.433228e-05	0.000000e+00	-1.274997e-06
5.561960343294555e-06	3.433228e-05	0.000000e+00	-8.402349e-07
5.562960343294555e-06	3.433228e-05	0.000000e+00	-4.176545e-07
5.563960343294555e-06	3.433228e-05	0.000000e+00	-4.071444e-08
5.564960343294555e-06	3.433228e-05	0.000000e+00	2.680408e-07
5.565960343294555e-06	3.433228e-05	0.000000e+00	4.965568e-07
5.566960343294555e-06	3.433228e-05	0.000000e+00	6.420487e-07
5.567960343294555e-06	3.433228e-05	0.000000e+00	7.092967e-07
5.568960343294555e-06	3.814697e-05	0.000000e+00	7.086437e-07
5.569960343294556e-06	3.814697e-05	0.000000e+00	6.539740e-07
5.570960343294555e-06	3.814697e-05	0.000000e+00	5.607853e-07
5.571960343294555e-06	3.814697e-05	0.000000e+00	4.445810e-07
5.573960343294555e-06	3.814697e-05	0.000000e+00	1.976387e-07
5.574960343294556e-06	3.814697e-05	0.000000e+00	8.809366e-08
5.575960343294555e-06	3.814697e-05	0.000000e+00	-2.815796e-09
5.576960343294555e-06	3.814697e-05	0.000000e+00	-7.167728e-08
5.577960343294555e-06	3.814697e-05	0.000000e+00	-1.175995e-07
5.578960343294555e-06	3.814697e-05	0.000000e+00	-1.417884e-07
5.579960343294555e-06	3.814697e-05	0.000000e+00	-1.469816e-07
5.580960343294555e-06	3.814697e-05	0.000000e+00	-1.369226e-07
5.581960343294555e-06	3.814697e-05	0.000000e+00	-1.158096e-07
5.582960343294555e-06	3.814697e-05	0.000000e+00	-8.788265e-08
5.583960343294555e-06	3.814697e-05	0.000000e+00	-5.703259e-08
5.584960343294555e-06	3.814697e-05	0.000000e+00	-2.657544e-08
5.585960343294555e-06	3.814697e-05	0.000000e+00	9.222276e-10
5.586960343294556e-06	3.814697e-05	0.000000e+00	2.367960e-08
5.587960343294555e-06	3.814697e-05	0.000000e+00	4.071080e-08
5.588960343294555e-06	3.814697e-05	0.000000e+00	5.170477e-08
5.589960343294555e-06	3.814697e-05	0.000000e+00	5.693983e-08
5.590960343294555e-06	3.814697e-05	0.000000e+00	5.711081e-08
5.591960343294556e-06	3.814697e-05	0.000000e+00	5.321090e-08
5.593960343294555e-06	3.814697e-05	0.000000e+00	3.768764e-08
5.596960343294555e-06	3.814697e-05	0.000000e+00	1.050830e-08
5.598960343294556e-06	3.814697e-05	0.000000e+00	-2.120942e-09
5.600960343294555e-06	3.814697e-05	0.000000e+00	-8.116331e-09
5.602960343294555e-06	3.814697e-05	0.000000e+00	-8.427378e-09
5.605960343294555e-06	3.814697e-05	0.000000e+00	-3.150490e-09
5.608960343294556e-06	3.814697e-05	0.000000e+00	2.561137e-09
5.611960343294555e-06	3.433228e-05	0.000000e+00	4.947651e-09
5.613817486151698e-06	3.394302e-05	0.000000e+00	3.933666e-09
5.615674629008841e-06	3.386517e-05	0.000000e+00	3.005270e-09
5.617531771865984e-06	3.409872e-05	0.000000e+00	2.162462e-09
5.619388914723127e-06	3.464368e-05	0.000000e+00	1.405242e-09
5.621246057580269e-06	3.550004e-05	0.000000e+00	7.336117e-10
5.623103200437412e-06	3.666780e-05	0.000000e+00	1.475696e-10
5.624960343294555e-06	3.814697e-05	0.000000e+00	-3.528839e-10
5.628674629008841e-06	3.814697e-05	0.000000e+00	-5.018086e-11
5.632388914723126e-06	3.814697e-05	0.000000e+00	1.709371e-10
5.636103200437412e-06	3.814697e-05	0.000000e+00	3.104700e-10
5.639817486151698e-06	3.814697e-05	0.000000e+00	3.684178e-10
5.643531771865984e-06	3.814697e-05	0.000000e+00	3.447805e-10
5.647246057580270e-06	3.814697e-05	0.000000e+00	2.395582e-10
5.650960343294555e-06	3.814697e-05	0.000000e+00	5.275069e-11
5.701531771865984e-06	3.814697e-05	0.000000e+00	4.053274e-11
5.752103200437413e-06	3.814697e-05	0.000000e+00	3.074168e-11
5.802674629008842e-06	3.814697e-05	0.000000e+00	2.337753e-11
5.853246057580271e-06	3.814697e-05	0.000000e+00	1.844027e-11
5.903817486151699e-06	3.814697e-05	0.000000e+00	1.592991e-11
5.954388914723128e-06	3.814697e-05	0.000000e+00	1.584645e-11
6.004960343294556e-06	3.814697e-05	0.000000e+00	1.818989e-11
6.046960343294556e-06	3.433228e-05	0.000000e+00	2.000888e-11
7.070960343294559e-06	3.814697e-05	0.000000e+00	1.000444e-11
8.094960343294561e-06	3.814697e-05	0.000000e+00	4.547474e-12
9.118960343294563e-06	3.814697e-05	0.000000e+00	1.818989e-12
9.998960343294565e-06	3.814697e-05	0.000000e+00	1.364242e-12
9.999960343294566e-06	3.814697e-05	0.000000e+00	-5.942229e-08
1.000000000000000e-05	3.814697e-05	0.000000e+00	-6.187656e-08
