time	V(N021,Vo_led7)	V(Vcc_led,Vi_led7)	I(D28)
0.000000000000000e+00	3.814697e-05	0.000000e+00	3.669048e-15
1.020500000000002e-06	3.814697e-05	0.000000e+00	8.296676e-15
2.044500000000005e-06	3.814697e-05	0.000000e+00	1.332922e-14
3.068500000000007e-06	3.814697e-05	0.000000e+00	3.848093e-15
4.092500000000010e-06	3.814697e-05	0.000000e+00	-1.875842e-15
5.010000000000000e-06	3.814697e-05	0.000000e+00	3.492757e-15
5.010006600110000e-06	3.814697e-05	0.000000e+00	1.503979e-15
5.010019800330000e-06	3.814697e-05	0.000000e+00	2.400123e-15
5.010415806929999e-06	3.814697e-05	0.000000e+00	1.072440e-14
5.010599445609685e-06	3.814697e-05	0.000000e+00	1.110757e-14
5.010705813438823e-06	3.814697e-05	0.000000e+00	1.164783e-14
5.010792027554202e-06	3.814697e-05	0.000000e+00	1.188975e-14
5.010872258505358e-06	3.814697e-05	0.000000e+00	1.081651e-14
5.010968106253043e-06	3.814697e-05	0.000000e+00	9.495821e-15
5.011067908903531e-06	3.814697e-05	0.000000e+00	9.464601e-15
5.011267514204508e-06	3.814697e-05	0.000000e+00	1.035340e-14
5.011666724806462e-06	3.814697e-05	0.000000e+00	1.211998e-14
5.012465146010369e-06	3.814697e-05	0.000000e+00	1.453751e-14
5.013396180588134e-06	3.814697e-05	0.000000e+00	1.597515e-14
5.014396180588134e-06	3.814697e-05	0.000000e+00	1.299348e-14
5.015000000000000e-06	3.814697e-05	0.000000e+00	8.320522e-15
5.016000000000000e-06	3.814697e-05	0.000000e+00	-1.564579e-15
5.016100000000000e-06	3.814697e-05	0.000000e+00	1.632524e-15
5.016300000000000e-06	3.814697e-05	0.000000e+00	5.224445e-15
5.016700000000000e-06	3.814697e-05	0.000000e+00	7.822895e-15
5.017500000000000e-06	3.814697e-05	0.000000e+00	4.824731e-15
5.018500000000000e-06	3.814697e-05	0.000000e+00	-4.218847e-15
5.019500000000000e-06	-4.196167e-05	0.000000e+00	-2.188846e-04
5.019901114246211e-06	-2.365112e-04	-7.629395e-06	-7.490378e-04
5.020148754470178e-06	-4.997253e-04	-1.907349e-05	-1.425263e-03
5.020353181389593e-06	-7.629395e-04	-3.433228e-05	-2.044393e-03
5.020571015494787e-06	-1.029968e-03	-5.722046e-05	-2.573245e-03
5.020793999715306e-06	-1.266479e-03	-8.392334e-05	-2.930410e-03
5.021239968156342e-06	-1.659393e-03	-1.411438e-04	-3.267838e-03
5.021933452582527e-06	-2.120972e-03	-2.326965e-04	-3.292122e-03
5.022900942360148e-06	-2.613068e-03	-3.509521e-04	-2.888761e-03
5.023025942360148e-06	-2.658844e-03	-3.623962e-04	-2.810357e-03
5.023275942360148e-06	-2.731323e-03	-3.852844e-04	-2.625740e-03
5.023775942360148e-06	-2.445221e-03	-4.196167e-04	-9.705770e-04
5.023885991900330e-06	8.469009e-02	-8.392334e-05	2.717766e-01
5.023933724404785e-06	2.853394e-01	9.384155e-04	8.964271e-01
5.023967004957898e-06	5.432358e-01	2.880096e-03	1.690411e+00
5.023999379585231e-06	8.106232e-01	6.092072e-03	2.496438e+00
5.024037107779939e-06	1.094963e+00	1.153946e-02	3.325756e+00
5.024112564169355e-06	1.609890e+00	2.707672e-02	4.755556e+00
5.024255423215943e-06	2.435587e+00	6.797791e-02	6.879645e+00
5.024482580536997e-06	3.425759e+00	1.527061e-01	9.150612e+00
5.024787665009100e-06	4.305836e+00	2.872581e-01	1.082139e+01
5.025104268848189e-06	4.891799e+00	4.379272e-01	1.161756e+01
5.025129075832556e-06	4.922950e+00	4.499893e-01	1.163978e+01
5.025178689801290e-06	4.969507e+00	4.741287e-01	1.164319e+01
5.025277917738758e-06	5.050161e+00	5.220795e-01	1.161967e+01
5.025364194712077e-06	5.109328e+00	5.633965e-01	1.157309e+01
5.025414168427841e-06	5.136860e+00	5.870819e-01	1.152916e+01
5.025447021209890e-06	5.148693e+00	6.025047e-01	1.148248e+01
5.025478783682157e-06	5.153594e+00	6.172791e-01	1.141813e+01
5.025507445937859e-06	5.154626e+00	6.304893e-01	1.135058e+01
5.025539415670222e-06	5.154566e+00	6.450310e-01	1.127316e+01
5.025603355134948e-06	5.154151e+00	6.736336e-01	1.112166e+01
5.025679780327799e-06	5.154258e+00	7.069397e-01	1.095002e+01
5.025832630713503e-06	5.156362e+00	7.709122e-01	1.063377e+01
5.026055658218169e-06	5.161704e+00	8.594818e-01	1.021451e+01
5.026290879326161e-06	5.170046e+00	9.469261e-01	9.820786e+00
5.026570496346906e-06	5.186571e+00	1.043690e+00	9.417595e+00
5.026831006638880e-06	5.210079e+00	1.127983e+00	9.100780e+00
5.027043264049165e-06	5.232789e+00	1.192455e+00	8.876506e+00
5.027273540974171e-06	5.257586e+00	1.257870e+00	8.659068e+00
5.027675598604641e-06	5.299422e+00	1.363823e+00	8.336608e+00
5.028134652581239e-06	5.338703e+00	1.474216e+00	8.087721e+00
5.028918705303676e-06	5.373016e+00	1.645512e+00	7.882783e+00
5.029650596938484e-06	5.370734e+00	1.792744e+00	7.794857e+00
5.030232631546591e-06	5.355554e+00	1.900913e+00	7.745747e+00
5.030863620722933e-06	5.338466e+00	2.009533e+00	7.693837e+00
5.031655922595521e-06	5.318331e+00	2.134941e+00	7.632169e+00
5.032655922595520e-06	5.294993e+00	2.278717e+00	7.560758e+00
5.033655922595521e-06	5.274048e+00	2.407898e+00	7.496697e+00
5.034655922595520e-06	5.255428e+00	2.523216e+00	7.439762e+00
5.035655922595520e-06	5.238920e+00	2.626171e+00	7.389303e+00
5.036655922595520e-06	5.224282e+00	2.718105e+00	7.344574e+00
5.037655922595520e-06	5.211315e+00	2.800213e+00	7.304961e+00
5.038655922595521e-06	5.199820e+00	2.873558e+00	7.269849e+00
5.039655922595520e-06	5.189631e+00	2.939083e+00	7.238736e+00
5.040655922595521e-06	5.180594e+00	2.997635e+00	7.211143e+00
5.041655922595520e-06	5.172578e+00	3.049965e+00	7.186674e+00
5.042655922595520e-06	5.165463e+00	3.096741e+00	7.164956e+00
5.043655922595521e-06	5.159148e+00	3.138561e+00	7.145681e+00
5.044655922595520e-06	5.153537e+00	3.175949e+00	7.128561e+00
5.045655922595521e-06	5.148554e+00	3.209385e+00	7.113354e+00
5.046655922595520e-06	5.144124e+00	3.239288e+00	7.099838e+00
5.047655922595520e-06	5.140186e+00	3.266037e+00	7.087823e+00
5.048655922595521e-06	5.136683e+00	3.289970e+00	7.077138e+00
5.049655922595520e-06	5.133568e+00	3.311378e+00	7.067635e+00
5.050655922595521e-06	5.130796e+00	3.330536e+00	7.059177e+00
5.051655922595520e-06	5.128329e+00	3.347679e+00	7.051651e+00
5.052655922595520e-06	5.126132e+00	3.363026e+00	7.044951e+00
5.053655922595520e-06	5.124176e+00	3.376762e+00	7.038987e+00
5.054655922595520e-06	5.122434e+00	3.389057e+00	7.033674e+00
5.055655922595521e-06	5.120883e+00	3.400066e+00	7.028944e+00
5.056655922595520e-06	5.119501e+00	3.409920e+00	7.024729e+00
5.057655922595521e-06	5.118270e+00	3.418747e+00	7.020974e+00
5.058655922595520e-06	5.117172e+00	3.426651e+00	7.017629e+00
5.059655922595520e-06	5.116195e+00	3.433731e+00	7.014648e+00
5.060655922595521e-06	5.115324e+00	3.440071e+00	7.011992e+00
5.061655922595520e-06	5.114548e+00	3.445751e+00	7.009626e+00
5.062655922595521e-06	5.113856e+00	3.450844e+00	7.007517e+00
5.063655922595520e-06	5.113240e+00	3.455402e+00	7.005637e+00
5.064655922595520e-06	5.112691e+00	3.459488e+00	7.003963e+00
5.065655922595521e-06	5.112202e+00	3.463150e+00	7.002470e+00
5.066655922595520e-06	5.111766e+00	3.466434e+00	7.001141e+00
5.067655922595521e-06	5.111377e+00	3.469376e+00	6.999957e+00
5.068655922595520e-06	5.111031e+00	3.472015e+00	6.998901e+00
5.069655922595521e-06	5.110723e+00	3.474380e+00	6.997962e+00
5.070655922595520e-06	5.110449e+00	3.476501e+00	6.997125e+00
5.071655922595520e-06	5.110204e+00	3.478401e+00	6.996380e+00
5.072655922595521e-06	5.109987e+00	3.480110e+00	6.995717e+00
5.073655922595520e-06	5.109793e+00	3.481640e+00	6.995127e+00
5.074655922595521e-06	5.109621e+00	3.483013e+00	6.994601e+00
5.075655922595520e-06	5.109468e+00	3.484245e+00	6.994134e+00
5.076655922595520e-06	5.109332e+00	3.485352e+00	6.993719e+00
5.077655922595521e-06	5.109211e+00	3.486343e+00	6.993350e+00
5.078655922595520e-06	5.109103e+00	3.487236e+00	6.993022e+00
5.079655922595521e-06	5.109007e+00	3.488037e+00	6.992731e+00
5.080655922595520e-06	5.108923e+00	3.488754e+00	6.992472e+00
5.081655922595520e-06	5.108847e+00	3.489399e+00	6.992243e+00
5.082655922595521e-06	5.108781e+00	3.489979e+00	6.992039e+00
5.083655922595520e-06	5.108721e+00	3.490501e+00	6.991859e+00
5.084655922595521e-06	5.108669e+00	3.490971e+00	6.991699e+00
5.085655922595520e-06	5.108623e+00	3.491390e+00	6.991558e+00
5.086655922595521e-06	5.108582e+00	3.491768e+00	6.991433e+00
5.087655922595520e-06	5.108545e+00	3.492111e+00	6.991323e+00
5.088655922595520e-06	5.108513e+00	3.492416e+00	6.991225e+00
5.089655922595521e-06	5.108485e+00	3.492691e+00	6.991139e+00
5.090655922595520e-06	5.108461e+00	3.492943e+00	6.991064e+00
5.091655922595521e-06	5.108439e+00	3.493164e+00	6.990997e+00
5.092655922595520e-06	5.108419e+00	3.493366e+00	6.990939e+00
5.093655922595520e-06	5.108403e+00	3.493549e+00	6.990888e+00
5.094655922595521e-06	5.108388e+00	3.493713e+00	6.990843e+00
5.095655922595520e-06	5.108375e+00	3.493858e+00	6.990804e+00
5.096655922595521e-06	5.108364e+00	3.493992e+00	6.990769e+00
5.097655922595520e-06	5.108354e+00	3.494114e+00	6.990740e+00
5.098655922595521e-06	5.108346e+00	3.494225e+00	6.990714e+00
5.099655922595521e-06	5.108339e+00	3.494320e+00	6.990692e+00
5.100655922595520e-06	5.108332e+00	3.494408e+00	6.990673e+00
5.101655922595521e-06	5.108327e+00	3.494492e+00	6.990656e+00
5.102655922595520e-06	5.108323e+00	3.494560e+00	6.990642e+00
5.103655922595521e-06	5.108318e+00	3.494629e+00	6.990630e+00
5.104655922595520e-06	5.108315e+00	3.494690e+00	6.990620e+00
5.105655922595520e-06	5.108312e+00	3.494743e+00	6.990612e+00
5.106655922595521e-06	5.108310e+00	3.494789e+00	6.990605e+00
5.107655922595520e-06	5.108308e+00	3.494835e+00	6.990599e+00
5.108655922595521e-06	5.108307e+00	3.494873e+00	6.990594e+00
5.109655922595520e-06	5.108305e+00	3.494911e+00	6.990591e+00
5.110655922595520e-06	5.108304e+00	3.494946e+00	6.990588e+00
5.111655922595521e-06	5.108304e+00	3.494976e+00	6.990586e+00
5.112655922595520e-06	5.108303e+00	3.495003e+00	6.990584e+00
5.113655922595521e-06	5.108303e+00	3.495029e+00	6.990583e+00
5.114655922595520e-06	5.108303e+00	3.495052e+00	6.990583e+00
5.115655922595521e-06	5.108303e+00	3.495071e+00	6.990582e+00
5.116655922595521e-06	5.108303e+00	3.495090e+00	6.990583e+00
5.117655922595520e-06	5.108303e+00	3.495110e+00	6.990583e+00
5.118655922595521e-06	5.108303e+00	3.495125e+00	6.990584e+00
5.119655922595520e-06	5.108304e+00	3.495140e+00	6.990585e+00
5.120655922595521e-06	5.108304e+00	3.495152e+00	6.990587e+00
5.121655922595520e-06	5.108305e+00	3.495163e+00	6.990588e+00
5.122655922595520e-06	5.108305e+00	3.495174e+00	6.990589e+00
5.123655922595521e-06	5.108306e+00	3.495186e+00	6.990591e+00
5.124655922595520e-06	5.108306e+00	3.495197e+00	6.990592e+00
5.125655922595521e-06	5.108307e+00	3.495205e+00	6.990594e+00
5.126655922595520e-06	5.108307e+00	3.495213e+00	6.990596e+00
5.127655922595521e-06	5.108307e+00	3.495220e+00	6.990598e+00
5.128655922595521e-06	5.108308e+00	3.495228e+00	6.990599e+00
5.129655922595520e-06	5.108309e+00	3.495232e+00	6.990601e+00
5.130655922595521e-06	5.108309e+00	3.495239e+00	6.990602e+00
5.131655922595520e-06	5.108310e+00	3.495243e+00	6.990604e+00
5.132655922595521e-06	5.108310e+00	3.495251e+00	6.990606e+00
5.133655922595521e-06	5.108311e+00	3.495255e+00	6.990607e+00
5.134655922595520e-06	5.108311e+00	3.495258e+00	6.990609e+00
5.135655922595521e-06	5.108312e+00	3.495262e+00	6.990611e+00
5.136655922595520e-06	5.108313e+00	3.495266e+00	6.990612e+00
5.137655922595521e-06	5.108313e+00	3.495270e+00	6.990613e+00
5.138655922595521e-06	5.108313e+00	3.495274e+00	6.990615e+00
5.139655922595520e-06	5.108314e+00	3.495277e+00	6.990616e+00
5.140655922595521e-06	5.108314e+00	3.495277e+00	6.990618e+00
5.141655922595520e-06	5.108315e+00	3.495281e+00	6.990619e+00
5.142655922595521e-06	5.108315e+00	3.495285e+00	6.990620e+00
5.143655922595520e-06	5.108315e+00	3.495285e+00	6.990622e+00
5.145655922595521e-06	5.108316e+00	3.495289e+00	6.990624e+00
5.147655922595521e-06	5.108317e+00	3.495293e+00	6.990626e+00
5.149655922595521e-06	5.108318e+00	3.495296e+00	6.990628e+00
5.151655922595520e-06	5.108318e+00	3.495300e+00	6.990630e+00
5.153655922595520e-06	5.108319e+00	3.495304e+00	6.990631e+00
5.155655922595521e-06	5.108319e+00	3.495304e+00	6.990633e+00
5.157655922595521e-06	5.108320e+00	3.495308e+00	6.990634e+00
5.159655922595521e-06	5.108320e+00	3.495308e+00	6.990635e+00
5.161655922595521e-06	5.108321e+00	3.495312e+00	6.990636e+00
5.163655922595520e-06	5.108321e+00	3.495312e+00	6.990638e+00
5.165655922595520e-06	5.108321e+00	3.495312e+00	6.990638e+00
5.167655922595521e-06	5.108321e+00	3.495316e+00	6.990639e+00
5.169655922595521e-06	5.108322e+00	3.495316e+00	6.990640e+00
5.171655922595521e-06	5.108322e+00	3.495316e+00	6.990641e+00
5.173655922595521e-06	5.108322e+00	3.495316e+00	6.990642e+00
5.175655922595520e-06	5.108322e+00	3.495316e+00	6.990642e+00
5.177655922595520e-06	5.108323e+00	3.495319e+00	6.990643e+00
5.178655922595521e-06	5.108323e+00	3.495319e+00	6.990643e+00
5.179655922595521e-06	5.108322e+00	3.495319e+00	6.990643e+00
5.180000000000000e-06	5.108323e+00	3.495319e+00	6.990644e+00
5.180311845191041e-06	5.108323e+00	3.495319e+00	6.990643e+00
5.180376309617917e-06	5.108322e+00	3.495319e+00	6.990643e+00
5.180505238471669e-06	5.108323e+00	3.495319e+00	6.990644e+00
5.180763096179173e-06	5.108323e+00	3.495319e+00	6.990644e+00
5.181000000000000e-06	5.108321e+00	3.495319e+00	6.990639e+00
5.181023690382082e-06	5.108322e+00	3.495319e+00	6.990642e+00
5.181071071146248e-06	5.108323e+00	3.495319e+00	6.990644e+00
5.181165832674579e-06	5.108323e+00	3.495319e+00	6.990644e+00
5.181355355731240e-06	5.108323e+00	3.495319e+00	6.990644e+00
5.181734401844563e-06	5.108323e+00	3.495319e+00	6.990644e+00
5.182492494071209e-06	5.108323e+00	3.495319e+00	6.990644e+00
5.184492494071209e-06	5.108323e+00	3.495319e+00	6.990644e+00
5.185492494071209e-06	5.108323e+00	3.495319e+00	6.990644e+00
5.186000000000000e-06	5.108323e+00	3.495319e+00	6.990644e+00
5.186301181655043e-06	5.108323e+00	3.495319e+00	6.990644e+00
5.186397636689913e-06	5.108323e+00	3.495319e+00	6.990644e+00
5.186590546759652e-06	5.108323e+00	3.495319e+00	6.990644e+00
5.186696421029877e-06	5.108323e+00	3.495319e+00	6.990644e+00
5.186788251459550e-06	5.108323e+00	3.495319e+00	6.990644e+00
5.186816339140654e-06	5.108323e+00	3.495319e+00	6.990644e+00
5.186872514502863e-06	5.108323e+00	3.495319e+00	6.990644e+00
5.186887649275583e-06	5.108323e+00	3.495319e+00	6.990644e+00
5.186917918821023e-06	5.108323e+00	3.495319e+00	6.990644e+00
5.186939460909121e-06	5.108323e+00	3.495319e+00	6.990644e+00
5.186956915823802e-06	5.108323e+00	3.495319e+00	6.990644e+00
5.186965090170638e-06	5.108323e+00	3.495319e+00	6.990644e+00
5.186981438864309e-06	5.108323e+00	3.495319e+00	6.990644e+00
5.187000000000000e-06	5.108323e+00	3.495319e+00	6.990644e+00
5.187000330000000e-06	5.108323e+00	3.495319e+00	6.990644e+00
5.187000990000000e-06	5.108323e+00	3.495319e+00	6.990644e+00
5.187002310000000e-06	5.108323e+00	3.495319e+00	6.990644e+00
5.187004950000000e-06	5.108323e+00	3.495319e+00	6.990644e+00
5.187010230000000e-06	5.108323e+00	3.495319e+00	6.990644e+00
5.187397103012628e-06	5.108323e+00	3.495319e+00	6.990645e+00
5.187783976025258e-06	5.108323e+00	3.495319e+00	6.990645e+00
5.188170849037886e-06	5.108323e+00	3.495319e+00	6.990645e+00
5.188557722050515e-06	5.108323e+00	3.495319e+00	6.990645e+00
5.188944595063143e-06	5.108323e+00	3.495319e+00	6.990645e+00
5.189331468075773e-06	5.108323e+00	3.495319e+00	6.990645e+00
5.189718341088401e-06	5.108323e+00	3.495319e+00	6.990645e+00
5.190421603730218e-06	5.108323e+00	3.495319e+00	6.990645e+00
5.191007686928805e-06	5.108323e+00	3.495319e+00	6.990645e+00
5.191593770127393e-06	5.108323e+00	3.495319e+00	6.990645e+00
5.192179853325979e-06	5.108323e+00	3.495319e+00	6.990645e+00
5.192765936524567e-06	5.108324e+00	3.495320e+00	6.990645e+00
5.193352019723154e-06	5.108324e+00	3.495321e+00	6.990645e+00
5.193938102921742e-06	5.108323e+00	3.495322e+00	6.990645e+00
5.194524186120329e-06	5.108323e+00	3.495323e+00	6.990645e+00
5.195202252009745e-06	5.108923e+00	3.495346e+00	6.992514e+00
5.195727672166840e-06	5.110507e+00	3.495426e+00	6.997428e+00
5.196092734887858e-06	5.111791e+00	3.495556e+00	7.001357e+00
5.196332425223764e-06	5.112089e+00	3.495667e+00	7.002220e+00
5.196551326364946e-06	5.112010e+00	3.495773e+00	7.001928e+00
5.196784251304888e-06	5.111912e+00	3.495876e+00	7.001606e+00
5.197250101184771e-06	5.111730e+00	3.496071e+00	7.001038e+00
5.198181800944537e-06	5.111366e+00	3.496399e+00	6.999923e+00
5.199181800944538e-06	5.110983e+00	3.496681e+00	6.998752e+00
5.200181800944537e-06	5.110603e+00	3.496891e+00	6.997593e+00
5.201181800944538e-06	5.110224e+00	3.497032e+00	6.996435e+00
5.202181800944537e-06	5.109840e+00	3.497108e+00	6.995264e+00
5.203181800944537e-06	5.109449e+00	3.497128e+00	6.994066e+00
5.204181800944538e-06	5.109043e+00	3.497093e+00	6.992827e+00
5.205181800944537e-06	5.108617e+00	3.497005e+00	6.991528e+00
5.206181800944538e-06	5.108164e+00	3.496868e+00	6.990145e+00
5.207181800944537e-06	5.107676e+00	3.496681e+00	6.988651e+00
5.208181800944537e-06	5.107139e+00	3.496437e+00	6.987011e+00
5.209181800944538e-06	5.106539e+00	3.496143e+00	6.985176e+00
5.210181800944537e-06	5.105853e+00	3.495789e+00	6.983079e+00
5.211181800944538e-06	5.105049e+00	3.495365e+00	6.980623e+00
5.212181800944537e-06	5.104079e+00	3.494858e+00	6.977660e+00
5.213181800944538e-06	5.102865e+00	3.494255e+00	6.973943e+00
5.214181800944537e-06	5.101263e+00	3.493515e+00	6.969031e+00
5.215181800944537e-06	5.098969e+00	3.492577e+00	6.962000e+00
5.216181800944538e-06	5.095170e+00	3.491318e+00	6.950339e+00
5.217181800944537e-06	5.085389e+00	3.489254e+00	6.920228e+00
5.218181800944538e-06	5.059448e+00	3.484978e+00	6.840392e+00
5.219181800944537e-06	5.012408e+00	3.476196e+00	6.696147e+00
5.220181800944537e-06	4.951837e+00	3.461014e+00	6.511135e+00
5.221181800944538e-06	4.886174e+00	3.438778e+00	6.311012e+00
5.222181800944537e-06	4.802309e+00	3.409019e+00	6.054924e+00
5.223004123656397e-06	4.709125e+00	3.377537e+00	5.770578e+00
5.223535731821599e-06	4.653837e+00	3.352856e+00	5.603539e+00
5.224044669566989e-06	4.611590e+00	3.326588e+00	5.476666e+00
5.224458051749353e-06	4.568409e+00	3.303749e+00	5.345335e+00
5.224855904647340e-06	4.505044e+00	3.279285e+00	5.151737e+00
5.225413327057396e-06	4.363231e+00	3.238541e+00	4.718542e+00
5.225997791164804e-06	4.115678e+00	3.182777e+00	3.964187e+00
5.226614049608441e-06	3.690015e+00	3.100227e+00	2.673411e+00
5.227172185994178e-06	3.086020e+00	2.990734e+00	8.586608e-01
5.227749638888427e-06	2.161798e+00	2.824562e+00	-1.873948e+00
5.228310516178562e-06	9.991837e-01	2.612545e+00	-5.259191e+00
5.228383495933817e-06	8.181229e-01	2.578686e+00	-5.777278e+00
5.228529455444328e-06	4.137497e-01	2.501835e+00	-6.919180e+00
5.228657510018292e-06	4.360962e-02	2.431110e+00	-7.957672e+00
5.228662188477168e-06	2.965164e-02	2.428421e+00	-7.996568e+00
5.228671545394922e-06	1.293182e-03	2.422909e+00	-8.075300e+00
5.228690259230427e-06	-5.554962e-02	2.411812e+00	-8.232973e+00
5.228701416984863e-06	-8.930588e-02	2.405113e+00	-8.326341e+00
5.228712588210833e-06	-1.228180e-01	2.398293e+00	-8.418725e+00
5.228723081729343e-06	-1.540565e-01	2.391754e+00	-8.504569e+00
5.228739354176472e-06	-2.022476e-01	2.381317e+00	-8.636540e+00
5.228772310322857e-06	-2.996407e-01	2.359535e+00	-8.902509e+00
5.228781048697901e-06	-3.217545e-01	2.353493e+00	-8.960900e+00
5.228798525447987e-06	-3.529282e-01	2.341293e+00	-9.035913e+00
5.228802894635508e-06	-3.572426e-01	2.338223e+00	-9.043652e+00
5.228829109760638e-06	-3.676376e-01	2.319725e+00	-9.040915e+00
5.228864063260810e-06	-3.733864e-01	2.295132e+00	-9.011344e+00
5.228933970261155e-06	-3.724365e-01	2.246578e+00	-8.912573e+00
5.229073784261844e-06	-3.614044e-01	2.152355e+00	-8.687118e+00
5.229336080580980e-06	-3.388596e-01	1.986156e+00	-8.262343e+00
5.229860673219252e-06	-2.959290e-01	1.684971e+00	-7.432377e+00
5.230483622456458e-06	-2.502365e-01	1.371296e+00	-6.483583e+00
5.231041252891715e-06	-2.150536e-01	1.132706e+00	-5.674965e+00
5.231635328699035e-06	-1.834068e-01	9.196358e-01	-4.858774e+00
5.232187090377381e-06	-1.588402e-01	7.552185e-01	-4.143798e+00
5.232775496666476e-06	-1.372719e-01	6.118279e-01	-3.429955e+00
5.233337109921146e-06	-1.205826e-01	5.017281e-01	-2.798820e+00
5.233922147206361e-06	-1.067734e-01	4.116249e-01	-2.199538e+00
5.234486591517046e-06	-9.638214e-02	3.449593e-01	-1.686953e+00
5.235067549090167e-06	-8.818817e-02	2.938499e-01	-1.241036e+00
5.235634629778103e-06	-8.218384e-02	2.581635e-01	-8.995703e-01
5.236374227946220e-06	-7.644272e-02	2.264633e-01	-5.763124e-01
5.237128036331536e-06	-7.214737e-02	2.051201e-01	-3.501899e-01
5.237765105961861e-06	-6.948090e-02	1.936302e-01	-2.255569e-01
5.238400982133520e-06	-6.744385e-02	1.862526e-01	-1.445008e-01
5.239005770254913e-06	-6.592941e-02	1.817284e-01	-9.491905e-02
5.239926918306849e-06	-6.410980e-02	1.774330e-01	-4.951951e-02
5.240926918306849e-06	-6.252670e-02	1.744843e-01	-2.183268e-02
5.241926918306849e-06	-6.121826e-02	1.724091e-01	-7.992935e-03
5.242926918306849e-06	-6.003571e-02	1.703186e-01	-1.219035e-03
5.243926918306849e-06	-5.869293e-02	1.668930e-01	2.669058e-03
5.244786362648273e-06	-5.701447e-02	1.611977e-01	5.954503e-03
5.245123622649617e-06	-5.615997e-02	1.573868e-01	7.332342e-03
5.245327526915768e-06	-5.565643e-02	1.545715e-01	7.945707e-03
5.245496267530759e-06	-5.523682e-02	1.522903e-01	8.380569e-03
5.245597631167804e-06	-5.500412e-02	1.509323e-01	8.573304e-03
5.245655787520365e-06	-5.485535e-02	1.501617e-01	8.716994e-03
5.245683059779652e-06	-5.479050e-02	1.498032e-01	8.764728e-03
5.245703445304848e-06	-5.474854e-02	1.495323e-01	8.788079e-03
5.245722955209675e-06	-5.469894e-02	1.492767e-01	8.831415e-03
5.245743141445740e-06	-5.464935e-02	1.490135e-01	8.864977e-03
5.245774950249996e-06	-5.457306e-02	1.485939e-01	8.918433e-03
5.245838567858508e-06	-5.442429e-02	1.477661e-01	9.017414e-03
5.245965803075532e-06	-5.413437e-02	1.461258e-01	9.190179e-03
5.246220273509581e-06	-5.356216e-02	1.429214e-01	9.448837e-03
5.246729214377677e-06	-5.246735e-02	1.367798e-01	9.711310e-03
5.247729214377677e-06	-5.046463e-02	1.254349e-01	9.713721e-03
5.248729214377677e-06	-4.862976e-02	1.149445e-01	9.326390e-03
5.249729214377677e-06	-4.697800e-02	1.053467e-01	8.714912e-03
5.250729214377677e-06	-4.547501e-02	9.654999e-02	8.035670e-03
5.251729214377677e-06	-4.410934e-02	8.848953e-02	7.361209e-03
5.252729214377677e-06	-4.287338e-02	8.110046e-02	6.723183e-03
5.253729214377677e-06	-4.174805e-02	7.432938e-02	6.133514e-03
5.254729214377677e-06	-4.071808e-02	6.812286e-02	5.594804e-03
5.255729214377677e-06	-3.977966e-02	6.243134e-02	5.105433e-03
5.256729214377677e-06	-3.892136e-02	5.721283e-02	4.662029e-03
5.257729214377677e-06	-3.813553e-02	5.243301e-02	4.260656e-03
5.258729214377677e-06	-3.741837e-02	4.805374e-02	3.897362e-03
5.259729214377677e-06	-3.676605e-02	4.403687e-02	3.568415e-03
5.260729214377677e-06	-3.615952e-02	4.035568e-02	3.270394e-03
5.261729214377677e-06	-3.560638e-02	3.698349e-02	3.000209e-03
5.262729214377677e-06	-3.509903e-02	3.389359e-02	2.755088e-03
5.263729214377677e-06	-3.462982e-02	3.105927e-02	2.532552e-03
5.264729214377677e-06	-3.419495e-02	2.846527e-02	2.330385e-03
5.265729214377677e-06	-3.379822e-02	2.608871e-02	2.146608e-03
5.266729214377677e-06	-3.343201e-02	2.391052e-02	1.979452e-03
5.267729214377677e-06	-3.309631e-02	2.191544e-02	1.827330e-03
5.268729214377677e-06	-3.277969e-02	2.008438e-02	1.688823e-03
5.269729214377677e-06	-3.248978e-02	1.840973e-02	1.562656e-03
5.270729214377677e-06	-3.222275e-02	1.687622e-02	1.447681e-03
5.271729214377677e-06	-3.196716e-02	1.546860e-02	1.342867e-03
5.272729214377677e-06	-3.173447e-02	1.417923e-02	1.247284e-03
5.273729214377677e-06	-3.152084e-02	1.300049e-02	1.160094e-03
5.274729214377677e-06	-3.131866e-02	1.191711e-02	1.080538e-03
5.275729214377677e-06	-3.112793e-02	1.092529e-02	1.007932e-03
5.276729214377677e-06	-3.095245e-02	1.001740e-02	9.416555e-04
5.277729214377677e-06	-3.078461e-02	9.185791e-03	8.811461e-04
5.278729214377677e-06	-3.063202e-02	8.426666e-03	8.258945e-04
5.279729214377677e-06	-3.048325e-02	7.728577e-03	7.754384e-04
5.280729214377677e-06	-3.034592e-02	7.087708e-03	7.293577e-04
5.281729214377677e-06	-3.021622e-02	6.504059e-03	6.872709e-04
5.282729214377677e-06	-3.009033e-02	5.966187e-03	6.488307e-04
5.283729214377677e-06	-2.997208e-02	5.477905e-03	6.137214e-04
5.284729214377677e-06	-2.986145e-02	5.027771e-03	5.816552e-04
5.285729214377677e-06	-2.975464e-02	4.611969e-03	5.523702e-04
5.286729214377677e-06	-2.965164e-02	4.234314e-03	5.256275e-04
5.287729214377677e-06	-2.955627e-02	3.890991e-03	5.012096e-04
5.288729214377677e-06	-2.946091e-02	3.574371e-03	4.789178e-04
5.289729214377677e-06	-2.937698e-02	3.280640e-03	4.585708e-04
5.290729214377677e-06	-2.928925e-02	3.017426e-03	4.400034e-04
5.291729214377677e-06	-2.920914e-02	2.773285e-03	4.230644e-04
5.292729214377677e-06	-2.912903e-02	2.548218e-03	4.076161e-04
5.293729214377677e-06	-2.905273e-02	2.346039e-03	3.935324e-04
5.294729214377677e-06	-2.897644e-02	2.159119e-03	3.806982e-04
5.295729214377677e-06	-2.890396e-02	1.987457e-03	3.690083e-04
5.296729214377678e-06	-2.883148e-02	1.831055e-03	3.583666e-04
5.297729214377677e-06	-2.876663e-02	1.686096e-03	3.486852e-04
5.298729214377677e-06	-2.870178e-02	1.556396e-03	3.398837e-04
5.299729214377677e-06	-2.863693e-02	1.434326e-03	3.318886e-04
5.300729214377677e-06	-2.857208e-02	1.323700e-03	3.246327e-04
5.301729214377677e-06	-2.850723e-02	1.220703e-03	3.180545e-04
5.302729214377677e-06	-2.844620e-02	1.129150e-03	3.120978e-04
5.303729214377677e-06	-2.838898e-02	1.045227e-03	3.067112e-04
5.304729214377677e-06	-2.832413e-02	9.689331e-04	3.018477e-04
5.305729214377677e-06	-2.826691e-02	8.964539e-04	2.974641e-04
5.306729214377677e-06	-2.820587e-02	8.316040e-04	2.935212e-04
5.307729214377677e-06	-2.815247e-02	7.705688e-04	2.899829e-04
5.308729214377677e-06	-2.809143e-02	7.171631e-04	2.868162e-04
5.309729214377677e-06	-2.803421e-02	6.675720e-04	2.839910e-04
5.310729214377677e-06	-2.797699e-02	6.217957e-04	2.814797e-04
5.311729214377677e-06	-2.792358e-02	5.798340e-04	2.792571e-04
5.312729214377677e-06	-2.786255e-02	5.416870e-04	2.773002e-04
5.313729214377678e-06	-2.781296e-02	5.073547e-04	2.755878e-04
5.314729214377677e-06	-2.775192e-02	4.730225e-04	2.741006e-04
5.315729214377677e-06	-2.769852e-02	4.463196e-04	2.728211e-04
5.316729214377677e-06	-2.764511e-02	4.196167e-04	2.717330e-04
5.317729214377677e-06	-2.759171e-02	3.929138e-04	2.708216e-04
5.318729214377677e-06	-2.753067e-02	3.700256e-04	2.700735e-04
5.319729214377677e-06	-2.748108e-02	3.509521e-04	2.694764e-04
5.320729214377677e-06	-2.742767e-02	3.318787e-04	2.690190e-04
5.321729214377677e-06	-2.737427e-02	3.128052e-04	2.686910e-04
5.322729214377677e-06	-2.731705e-02	2.975464e-04	2.684831e-04
5.323729214377677e-06	-2.726364e-02	2.861023e-04	2.683868e-04
5.324729214377677e-06	-2.720642e-02	2.708435e-04	2.683942e-04
5.325729214377678e-06	-2.715683e-02	2.593994e-04	2.684983e-04
5.326729214377677e-06	-2.709961e-02	2.479553e-04	2.686926e-04
5.327729214377677e-06	-2.704620e-02	2.403259e-04	2.689712e-04
5.328729214377677e-06	-2.698898e-02	2.288818e-04	2.693288e-04
5.329729214377677e-06	-2.693558e-02	2.212524e-04	2.697605e-04
5.330729214377678e-06	-2.688217e-02	2.136230e-04	2.702620e-04
5.331729214377677e-06	-2.682877e-02	2.059937e-04	2.708291e-04
5.332729214377677e-06	-2.676773e-02	2.021790e-04	2.714583e-04
5.333729214377677e-06	-2.671432e-02	1.945496e-04	2.721464e-04
5.334729214377677e-06	-2.665710e-02	1.907349e-04	2.728904e-04
5.335729214377677e-06	-2.660370e-02	1.869202e-04	2.736876e-04
5.336729214377677e-06	-2.654648e-02	1.831055e-04	2.745358e-04
5.337729214377677e-06	-2.648926e-02	1.792908e-04	2.754327e-04
5.338729214377677e-06	-2.643204e-02	1.754761e-04	2.763765e-04
5.339729214377677e-06	-2.637863e-02	1.716614e-04	2.773654e-04
5.340729214377677e-06	-2.632141e-02	1.678467e-04	2.783982e-04
5.341729214377677e-06	-2.626419e-02	1.640320e-04	2.794734e-04
5.342729214377678e-06	-2.620697e-02	1.640320e-04	2.805899e-04
5.343729214377677e-06	-2.614975e-02	1.602173e-04	2.817468e-04
5.344729214377677e-06	-2.609253e-02	1.602173e-04	2.829433e-04
5.345729214377677e-06	-2.603531e-02	1.602173e-04	2.841787e-04
5.346729214377677e-06	-2.597809e-02	1.564026e-04	2.854524e-04
5.347729214377678e-06	-2.592087e-02	1.564026e-04	2.867641e-04
5.348729214377677e-06	-2.585983e-02	1.564026e-04	2.881133e-04
5.349729214377677e-06	-2.579880e-02	1.525879e-04	2.895000e-04
5.350729214377677e-06	-2.574158e-02	1.525879e-04	2.909240e-04
5.351729214377677e-06	-2.568436e-02	1.525879e-04	2.923852e-04
5.352729214377677e-06	-2.562714e-02	1.525879e-04	2.938838e-04
5.353729214377677e-06	-2.556229e-02	1.525879e-04	2.954200e-04
5.354729214377678e-06	-2.550125e-02	1.525879e-04	2.969940e-04
5.355729214377677e-06	-2.544022e-02	1.525879e-04	2.986060e-04
5.356729214377677e-06	-2.537918e-02	1.525879e-04	3.002566e-04
5.357729214377677e-06	-2.532196e-02	1.525879e-04	3.019462e-04
5.358729214377677e-06	-2.525711e-02	1.525879e-04	3.036753e-04
5.359729214377678e-06	-2.519608e-02	1.525879e-04	3.054446e-04
5.360729214377677e-06	-2.513123e-02	1.525879e-04	3.072547e-04
5.361729214377677e-06	-2.507019e-02	1.525879e-04	3.091064e-04
5.362729214377677e-06	-2.500153e-02	1.525879e-04	3.110006e-04
5.363729214377677e-06	-2.494049e-02	1.525879e-04	3.129381e-04
5.364729214377678e-06	-2.487946e-02	1.525879e-04	3.149199e-04
5.365729214377677e-06	-2.481461e-02	1.525879e-04	3.169470e-04
5.366729214377678e-06	-2.474976e-02	1.525879e-04	3.190206e-04
5.367729214377677e-06	-2.468109e-02	1.525879e-04	3.211417e-04
5.368729214377677e-06	-2.461624e-02	1.564026e-04	3.233117e-04
5.369729214377677e-06	-2.455139e-02	1.564026e-04	3.255319e-04
5.370729214377677e-06	-2.448273e-02	1.564026e-04	3.278036e-04
5.371729214377678e-06	-2.441788e-02	1.564026e-04	3.301284e-04
5.372729214377677e-06	-2.434921e-02	1.564026e-04	3.325077e-04
5.373729214377677e-06	-2.428436e-02	1.602173e-04	3.349431e-04
5.374729214377677e-06	-2.421188e-02	1.602173e-04	3.374366e-04
5.375729214377677e-06	-2.413940e-02	1.602173e-04	3.399897e-04
5.376729214377678e-06	-2.406693e-02	1.602173e-04	3.426044e-04
5.377729214377677e-06	-2.399826e-02	1.640320e-04	3.452828e-04
5.378729214377677e-06	-2.392960e-02	1.640320e-04	3.480269e-04
5.379729214377677e-06	-2.386093e-02	1.640320e-04	3.508388e-04
5.380729214377677e-06	-2.378464e-02	1.640320e-04	3.537210e-04
5.381729214377678e-06	-2.371216e-02	1.678467e-04	3.566759e-04
5.382729214377677e-06	-2.363968e-02	1.678467e-04	3.597060e-04
5.383729214377678e-06	-2.356720e-02	1.678467e-04	3.628139e-04
5.384729214377677e-06	-2.349472e-02	1.716614e-04	3.660027e-04
5.385729214377677e-06	-2.341843e-02	1.716614e-04	3.692750e-04
5.386729214377678e-06	-2.334213e-02	1.716614e-04	3.726343e-04
5.388729214377678e-06	-2.318954e-02	1.754761e-04	3.796266e-04
5.390729214377677e-06	-2.302933e-02	1.792908e-04	3.870081e-04
5.393729214377678e-06	-2.278900e-02	1.831055e-04	3.988802e-04
5.396729214377677e-06	-2.253723e-02	1.869202e-04	4.118228e-04
5.398872071520535e-06	-2.235498e-02	1.908906e-04	4.215845e-04
5.401014928663392e-06	-2.216682e-02	1.951724e-04	4.322340e-04
5.403157785806249e-06	-2.197273e-02	1.997656e-04	4.437712e-04
5.405300642949106e-06	-2.177273e-02	2.046702e-04	4.561963e-04
5.407443500091963e-06	-2.156682e-02	2.098862e-04	4.695091e-04
5.409586357234820e-06	-2.135499e-02	2.154136e-04	4.837096e-04
5.411729214377677e-06	-2.113724e-02	2.212524e-04	4.987980e-04
5.414729214377677e-06	-2.082443e-02	2.288818e-04	5.224688e-04
5.417729214377678e-06	-2.049255e-02	2.365112e-04	5.491414e-04
5.420729214377678e-06	-2.013779e-02	2.479553e-04	5.794122e-04
5.423729214377677e-06	-1.976776e-02	2.593994e-04	6.140460e-04
5.425729214377677e-06	-1.950455e-02	2.708435e-04	6.400399e-04
5.427729214377678e-06	-1.923370e-02	2.784729e-04	6.687817e-04
5.429729214377678e-06	-1.894379e-02	2.899170e-04	7.007247e-04
5.431729214377677e-06	-1.864243e-02	3.013611e-04	7.364277e-04
5.433729214377677e-06	-1.832199e-02	3.128052e-04	7.765874e-04
5.435729214377677e-06	-1.799011e-02	3.280640e-04	8.220836e-04
5.437729214377678e-06	-1.762772e-02	3.433228e-04	8.740438e-04
5.438729214377677e-06	-1.744080e-02	3.547668e-04	9.028902e-04
5.439729214377678e-06	-1.724625e-02	3.623962e-04	9.339369e-04
5.440729214377677e-06	-1.704407e-02	3.738403e-04	9.674436e-04
5.441729214377678e-06	-1.683426e-02	3.814697e-04	1.003713e-03
5.442729214377677e-06	-1.661682e-02	3.929138e-04	1.043098e-03
5.443729214377677e-06	-1.638794e-02	4.081726e-04	1.086017e-03
5.444729214377678e-06	-1.614761e-02	4.196167e-04	1.132965e-03
5.445729214377677e-06	-1.589966e-02	4.348755e-04	1.184533e-03
5.446729214377678e-06	-1.563263e-02	4.501343e-04	1.241435e-03
5.447729214377677e-06	-1.536179e-02	4.653931e-04	1.304540e-03
5.448729214377677e-06	-1.506805e-02	4.844666e-04	1.374918e-03
5.449729214377678e-06	-1.475525e-02	5.035400e-04	1.453898e-03
5.450729214377677e-06	-1.442719e-02	5.264282e-04	1.543153e-03
5.451729214377678e-06	-1.407623e-02	5.493164e-04	1.644824e-03
5.452729214377677e-06	-1.369476e-02	5.760193e-04	1.761689e-03
5.453729214377678e-06	-1.328659e-02	6.027222e-04	1.897424e-03
5.454729214377678e-06	-1.284027e-02	6.370544e-04	2.056994e-03
5.455729214377677e-06	-1.234055e-02	6.790161e-04	2.247280e-03
5.456729214377678e-06	-1.179123e-02	7.209778e-04	2.478536e-03
5.457729214377677e-06	-1.117706e-02	7.743835e-04	2.765128e-03
5.458729214377678e-06	-1.046753e-02	8.354187e-04	3.129692e-03
5.459729214377677e-06	-9.643555e-03	9.078979e-04	3.608562e-03
5.460729214377677e-06	-8.644104e-03	9.994507e-04	4.267635e-03
5.461729214377678e-06	-7.381439e-03	1.121521e-03	5.237918e-03
5.462729214377677e-06	-5.680084e-03	1.289368e-03	6.797642e-03
5.463729214377678e-06	-3.147125e-03	1.533508e-03	9.621670e-03
5.464729214377677e-06	8.697510e-04	1.930237e-03	1.465343e-02
5.465729214377678e-06	6.057739e-03	2.513885e-03	2.023437e-02
5.466483277419509e-06	9.220123e-03	3.013611e-03	2.065467e-02
5.467314946593895e-06	1.051712e-02	3.444672e-03	1.539441e-02
5.468205940689695e-06	9.922028e-03	3.604889e-03	7.280208e-03
5.469185121160668e-06	8.037567e-03	3.429413e-03	-6.026462e-04
5.470185121160668e-06	5.714417e-03	2.986908e-03	-5.893770e-03
5.471185121160668e-06	3.547668e-03	2.418518e-03	-8.291152e-03
5.472185121160668e-06	1.796722e-03	1.838684e-03	-8.539303e-03
5.473185121160668e-06	4.768372e-04	1.327515e-03	-7.605849e-03
5.474185121160668e-06	-4.692078e-04	9.078979e-04	-6.221672e-03
5.475185121160668e-06	-1.117706e-03	5.912781e-04	-4.788922e-03
5.476185121160668e-06	-1.533508e-03	3.585815e-04	-3.482508e-03
5.477185121160668e-06	-1.762390e-03	2.021790e-04	-2.354341e-03
5.478185121160668e-06	-1.838684e-03	1.029968e-04	-1.401941e-03
5.479185121160668e-06	-1.789093e-03	4.959106e-05	-6.050983e-04
5.480185121160668e-06	-1.636505e-03	3.433228e-05	5.880219e-05
5.481117505300639e-06	-1.415253e-03	4.196167e-05	5.659214e-04
5.482117505300640e-06	-1.121521e-03	7.629395e-05	9.942458e-04
5.483117505300639e-06	-7.972717e-04	1.182556e-04	1.305086e-03
5.484117505300639e-06	-4.615784e-04	1.678467e-04	1.489055e-03
5.485117505300640e-06	-1.411438e-04	2.212524e-04	1.539389e-03
5.486117505300639e-06	1.335144e-04	2.670288e-04	1.458799e-03
5.487117505300640e-06	3.433228e-04	3.013611e-04	1.264537e-03
5.488117505300639e-06	4.844666e-04	3.242493e-04	9.884792e-04
5.489117505300639e-06	5.493164e-04	3.318787e-04	6.718715e-04
5.490117505300640e-06	5.531311e-04	3.242493e-04	3.556750e-04
5.491117505300639e-06	5.035400e-04	3.051758e-04	7.291204e-05
5.492117505300640e-06	4.272461e-04	2.784729e-04	-1.538079e-04
5.493117505300639e-06	3.280640e-04	2.441406e-04	-3.141677e-04
5.494117505300640e-06	2.288818e-04	2.059937e-04	-4.088017e-04
5.495117505300640e-06	1.296997e-04	1.716614e-04	-4.451534e-04
5.496117505300639e-06	4.577637e-05	1.373291e-04	-4.344074e-04
5.497117505300640e-06	-2.288818e-05	1.068115e-04	-3.890451e-04
5.498117505300639e-06	-6.866455e-05	8.392334e-05	-3.211801e-04
5.499117505300640e-06	-1.029968e-04	6.103516e-05	-2.415929e-04
5.500117505300639e-06	-1.182556e-04	4.577637e-05	-1.592741e-04
5.501117505300639e-06	-1.144409e-04	3.814697e-05	-8.128396e-05
5.502117505300640e-06	-1.029968e-04	3.433228e-05	-1.278582e-05
5.503117505300639e-06	-8.392334e-05	3.051758e-05	4.283752e-05
5.504117505300640e-06	-5.722046e-05	3.051758e-05	8.382462e-05
5.505117505300639e-06	-3.051758e-05	3.433228e-05	1.098456e-04
5.506117505300640e-06	-3.814697e-06	3.433228e-05	1.217762e-04
5.507117505300640e-06	1.907349e-05	3.814697e-05	1.214353e-04
5.508117505300639e-06	3.814697e-05	3.814697e-05	1.112896e-04
5.509117505300640e-06	5.340576e-05	4.196167e-05	9.414547e-05
5.510117505300639e-06	6.866455e-05	4.196167e-05	7.285363e-05
5.511117505300640e-06	7.247925e-05	3.814697e-05	5.005335e-05
5.512117505300640e-06	7.247925e-05	3.814697e-05	2.797963e-05
5.513117505300639e-06	6.866455e-05	3.433228e-05	8.343693e-06
5.514117505300640e-06	6.484985e-05	3.051758e-05	-7.712381e-06
5.515117505300639e-06	5.722046e-05	3.051758e-05	-1.959736e-05
5.516117505300640e-06	4.959106e-05	2.670288e-05	-2.720411e-05
5.517117505300639e-06	4.196167e-05	2.288818e-05	-3.081303e-05
5.518117505300639e-06	3.814697e-05	1.907349e-05	-3.098221e-05
5.519117505300640e-06	3.051758e-05	1.525879e-05	-2.843827e-05
5.520117505300639e-06	2.670288e-05	1.144409e-05	-2.397790e-05
5.521117505300640e-06	2.670288e-05	1.144409e-05	-1.838588e-05
5.522117505300639e-06	2.288818e-05	7.629395e-06	-1.237285e-05
5.523117505300640e-06	2.288818e-05	7.629395e-06	-6.532745e-06
5.524117505300640e-06	2.288818e-05	7.629395e-06	-1.319261e-06
5.525117505300639e-06	2.670288e-05	7.629395e-06	2.961659e-06
5.526117505300640e-06	3.051758e-05	7.629395e-06	6.145694e-06
5.527117505300639e-06	3.051758e-05	7.629395e-06	8.194082e-06
5.528117505300640e-06	3.433228e-05	7.629395e-06	9.170628e-06
5.529117505300640e-06	3.433228e-05	7.629395e-06	9.215166e-06
5.530117505300639e-06	3.814697e-05	7.629395e-06	8.516176e-06
5.531117505300640e-06	3.814697e-05	3.814697e-06	7.284991e-06
5.532117505300639e-06	3.814697e-05	3.814697e-06	5.733417e-06
5.533117505300640e-06	3.814697e-05	3.814697e-06	4.055883e-06
5.534117505300639e-06	3.814697e-05	3.814697e-06	2.416786e-06
5.535117505300640e-06	3.814697e-05	3.814697e-06	9.429577e-07
5.536117505300640e-06	4.196167e-05	3.814697e-06	-2.790889e-07
5.537117505300639e-06	3.814697e-05	3.814697e-06	-1.201960e-06
5.538117505300640e-06	3.814697e-05	3.814697e-06	-1.813117e-06
5.539117505300639e-06	3.433228e-05	3.814697e-06	-2.128588e-06
5.540117505300640e-06	3.814697e-05	3.814697e-06	-2.185608e-06
5.541117505300640e-06	3.433228e-05	3.814697e-06	-2.035035e-06
5.542117505300639e-06	3.433228e-05	3.814697e-06	-1.734241e-06
5.543117505300640e-06	3.814697e-05	0.000000e+00	-1.340949e-06
5.544117505300639e-06	3.814697e-05	0.000000e+00	-9.083642e-07
5.545117505300640e-06	3.814697e-05	0.000000e+00	-4.816848e-07
5.546117505300640e-06	3.814697e-05	0.000000e+00	-9.603991e-08
5.547117505300640e-06	3.814697e-05	0.000000e+00	2.243214e-07
5.548117505300640e-06	3.814697e-05	0.000000e+00	4.657504e-07
5.549117505300639e-06	3.433228e-05	0.000000e+00	6.241066e-07
5.550117505300640e-06	3.814697e-05	0.000000e+00	7.030967e-07
5.551117505300639e-06	3.433228e-05	0.000000e+00	7.123158e-07
5.552117505300640e-06	3.433228e-05	0.000000e+00	6.652053e-07
5.553117505300640e-06	3.433228e-05	0.000000e+00	5.771176e-07
5.554117505300639e-06	3.814697e-05	0.000000e+00	4.636336e-07
5.556117505300639e-06	3.814697e-05	0.000000e+00	2.162028e-07
5.557117505300640e-06	3.814697e-05	0.000000e+00	1.042836e-07
5.558117505300640e-06	3.814697e-05	0.000000e+00	1.018680e-08
5.559117505300639e-06	3.433228e-05	0.000000e+00	-6.223445e-08
5.560117505300640e-06	3.433228e-05	0.000000e+00	-1.117241e-07
5.561117505300639e-06	3.433228e-05	0.000000e+00	-1.391868e-07
5.562117505300640e-06	3.433228e-05	0.000000e+00	-1.471558e-07
5.563117505300640e-06	3.433228e-05	0.000000e+00	-1.392432e-07
5.564117505300640e-06	3.433228e-05	0.000000e+00	-1.196108e-07
5.565117505300640e-06	3.433228e-05	0.000000e+00	-9.251016e-08
5.566117505300639e-06	3.433228e-05	0.000000e+00	-6.190839e-08
5.567117505300640e-06	3.433228e-05	0.000000e+00	-3.122068e-08
5.568117505300639e-06	3.433228e-05	0.000000e+00	-3.138211e-09
5.569117505300640e-06	3.433228e-05	0.000000e+00	2.043907e-08
5.570117505300640e-06	3.433228e-05	0.000000e+00	3.839659e-08
5.571117505300639e-06	3.433228e-05	0.000000e+00	5.032962e-08
5.572117505300640e-06	3.433228e-05	0.000000e+00	5.643005e-08
5.573117505300639e-06	3.433228e-05	0.000000e+00	5.734137e-08
5.574117505300640e-06	3.433228e-05	0.000000e+00	5.401262e-08
5.576117505300640e-06	3.433228e-05	0.000000e+00	3.909827e-08
5.579117505300640e-06	3.433228e-05	0.000000e+00	1.174703e-08
5.581117505300640e-06	3.433228e-05	0.000000e+00	-1.374246e-09
5.583117505300639e-06	3.433228e-05	0.000000e+00	-7.882591e-09
5.585117505300639e-06	3.433228e-05	0.000000e+00	-8.572897e-09
5.588117505300639e-06	3.433228e-05	0.000000e+00	-3.510650e-09
5.591117505300640e-06	3.433228e-05	0.000000e+00	2.307843e-09
5.594117505300640e-06	3.433228e-05	0.000000e+00	4.891717e-09
5.595974648157783e-06	3.433228e-05	0.000000e+00	3.942067e-09
5.597831791014925e-06	3.433228e-05	0.000000e+00	3.058097e-09
5.599688933872068e-06	3.433228e-05	0.000000e+00	2.239809e-09
5.601546076729211e-06	3.433228e-05	0.000000e+00	1.487202e-09
5.603403219586354e-06	3.433228e-05	0.000000e+00	8.002765e-10
5.605260362443497e-06	3.433228e-05	0.000000e+00	1.790322e-10
5.607117505300639e-06	3.433228e-05	0.000000e+00	-3.765308e-10
5.610974648157782e-06	3.394302e-05	0.000000e+00	-8.064191e-11
5.614831791014925e-06	3.386517e-05	0.000000e+00	1.363880e-10
5.618688933872068e-06	3.409872e-05	0.000000e+00	2.745590e-10
5.622546076729211e-06	3.464368e-05	0.000000e+00	3.338711e-10
5.626403219586354e-06	3.550004e-05	0.000000e+00	3.143242e-10
5.630260362443497e-06	3.666780e-05	0.000000e+00	2.159183e-10
5.634117505300640e-06	3.814697e-05	0.000000e+00	3.865352e-11
5.687117505300640e-06	3.627855e-05	0.000000e+00	2.225788e-11
5.740117505300641e-06	3.503293e-05	0.000000e+00	9.540943e-12
5.793117505300641e-06	3.441013e-05	0.000000e+00	5.027130e-13
5.846117505300640e-06	3.441013e-05	0.000000e+00	-4.856809e-12
5.899117505300640e-06	3.503293e-05	0.000000e+00	-6.537624e-12
5.952117505300640e-06	3.627855e-05	0.000000e+00	-4.539732e-12
6.005117505300641e-06	3.814697e-05	0.000000e+00	1.136868e-12
6.006117505300641e-06	3.814697e-05	0.000000e+00	1.818989e-12
7.030117505300643e-06	3.433228e-05	0.000000e+00	1.136868e-12
8.054117505300645e-06	3.433228e-05	0.000000e+00	5.684342e-13
9.078117505300647e-06	3.433228e-05	0.000000e+00	3.410605e-13
9.999117505300649e-06	3.814697e-05	0.000000e+00	8.704967e-11
1.000000000000000e-05	3.814697e-05	0.000000e+00	-nan
